2048
-0.67776549 1.41648769 0.60407466
-1.08521485 -0.57478756 -0.99933064
-0.33845413 1.40442288 0.62735504
-0.82055098 0.93426776 0.42584217
0.17434581 -0.68153405 -0.74694967
-0.49166474 -0.50992030 -0.25018805
-0.27985576 -0.63653344 -0.01585781
-0.47176337 0.55916935 0.42384270
-0.29217130 -0.67751962 -0.74816537
0.32730383 -0.66941738 -0.41679648
-0.35868648 -0.63059807 0.11877936
0.04227379 -0.50764185 -0.82572407
0.01549503 -0.01423714 0.27380225
0.31361359 -0.68511653 -0.85765439
-0.52398604 -0.64848757 -0.26424631
0.33616972 -0.65953702 -0.91691697
-0.41378757 -0.65889680 -0.10204197
-0.26077107 -0.65860677 -0.01283809
-0.30385929 0.42509618 0.35166213
0.27528048 0.39537153 0.36609665
-0.66016334 -0.49857572 -0.31485748
-1.05958879 0.84144628 0.49861801
-0.21879156 -0.66623580 -0.09915507
-0.72073472 0.47501510 0.34726259
0.08149891 -0.64237577 0.17470212
0.75649661 0.58814025 0.35283652
-0.70634359 0.67199385 0.39363390
-0.87005794 -0.50929415 -0.66975427
0.89999759 -0.47197783 -0.21945651
0.60854250 0.19210775 0.35262081
-0.20968448 -0.46718112 0.08854127
-0.97964573 0.64650851 0.45362207
0.94264978 1.39644551 0.58027166
-1.05700588 1.43452692 0.53002584
0.26968893 -0.66619360 -0.54055530
0.91180384 0.36217207 0.31508282
-0.24726181 0.12376107 0.33064121
0.01871962 -0.49454051 -0.31331930
0.61379379 -0.14394918 0.27317941
0.40455976 0.39632031 0.36349824
-0.26837942 -0.68371969 -0.75320655
0.23618713 -0.49059713 -0.50997168
0.47925618 1.24998784 0.50354964
-0.56400073 -0.08227609 0.26928449
0.44131508 0.83031654 0.46878406
0.34770274 0.88485289 0.49575210
-0.07273655 0.93354285 0.44136360
0.59668130 0.16503511 0.35063061
-0.05541381 -0.50703150 -0.35355332
-0.27329788 0.88186985 0.49144027
-0.66115832 1.40798700 0.59856224
0.58457643 -0.49908113 -0.86310041
0.44376940 1.22432172 0.51715606
-0.74779105 0.62942183 0.41446957
-0.74800098 0.26839423 0.32443318
0.74876523 -0.64619726 -0.63904381
0.51298887 -0.51965505 -0.21611725
0.12031604 0.75470084 0.50853705
-0.07707777 -0.51347464 -0.52865893
-0.50327849 -0.64245921 -0.16225332
0.58949220 0.17402704 0.37924266
-0.91434538 -0.28541577 0.27622044
-0.42891279 -0.01630080 0.32154566
-0.64661133 0.02233653 0.22951365
-0.23150700 -0.66814971 0.02990990
0.76708680 0.41978687 0.34466341
0.34406978 0.89337587 0.50349468
-0.71805036 -0.14229213 0.24847297
-0.90658337 -0.48745564 -0.64742601
-0.09584570 -0.51638883 -0.32528418
1.02787542 0.73172295 0.44130108
-0.75124449 -0.34368452 0.26097810
-0.78807038 -0.64332610 -0.25804517
0.67607653 1.41214132 0.54405010
-0.42295957 -0.51035255 -0.67290986
-0.36895198 -0.62835091 0.12714753
-0.57540768 -0.67915320 -0.25415674
0.52757502 0.83899188 0.41525736
0.92676175 0.42868999 0.34791881
-1.08729422 -0.59594983 -0.27579328
-0.99467069 0.64846873 0.33269033
0.35766792 -0.50214887 -0.72750592
-0.47599050 0.53908592 0.41242072
0.14212230 1.31299233 0.48918489
0.68140697 -0.69009340 -0.42468730
0.01088119 -0.66052794 -0.20457393
-0.75422859 -0.35641247 0.26144856
0.10888677 1.32298565 0.51236069
-0.20931375 0.88129830 0.44041526
0.06892970 -0.62222546 0.18984944
0.94903034 1.29299033 0.56102699
0.16560349 -0.49772593 0.04778317
0.65641683 -0.48634318 0.07186168
-0.61827791 -0.51435977 -0.53778648
1.00085664 0.93970674 0.44399816
1.02848518 0.76040554 0.43914989
-1.06098938 -0.64380550 -0.55960655
-0.14555378 -0.61924905 0.19805637
0.17785977 -0.49299374 0.05432048
-0.75848591 -0.70382398 -0.17876916
0.75059789 -0.50035977 -0.20199192
0.60964358 0.17152816 0.35969990
0.06263556 -0.49520606 -0.83798176
0.64958769 -0.50653654 0.06020463
0.54775268 -0.49753717 -0.81958717
-0.71823764 0.62866503 0.41517749
0.20082131 0.41960612 0.36778206
-0.69803107 -0.69103974 -0.10139509
1.00469458 -0.57638240 -0.87591183
-0.54805791 -0.53445494 0.20574829
0.56889147 -0.56243318 -1.02471149
0.93766499 -0.49772868 0.06495144
0.36232254 0.88913512 0.48566133
0.05724554 -0.63076967 0.17879355
-0.63174844 0.37541261 0.38540539
1.01559103 0.95403802 0.47307038
-0.72903419 -0.61916739 0.13589858
1.02494919 0.75858074 0.45175159
0.00223684 -0.48131633 0.24014457
0.32625955 -0.60743862 0.17637807
0.75201440 0.97849923 0.45846114
-0.34906211 -0.66002661 -0.43771040
0.57129091 -0.47557777 -0.60355747
-0.99204701 1.12090027 0.46120283
0.59889293 -0.45679414 0.07249183
0.38409203 -0.50713366 -0.45878434
0.62264013 -0.50363994 -0.59830487
0.35621959 -0.53548014 -0.97790307
0.02753843 -0.67252135 -0.05177618
0.43532217 0.35204127 0.40152910
0.81176913 0.11434982 0.28721920
-0.44563240 0.86127007 0.48007810
0.76198316 -0.47993368 -0.63444787
-0.16620362 -0.71102208 -0.97937667
-1.03875184 0.86479205 0.47893170
-0.46657720 -0.65654331 -0.40927935
-0.80021018 0.44289085 0.42397514
0.48870173 0.87736458 0.45328686
-0.48557395 -0.44111291 -0.32161492
-0.94363171 -0.30987129 0.29884067
0.75315505 0.96319091 0.48619449
-0.55463499 1.47150612 0.57486856
-0.59529299 0.60363251 0.42094976
0.13248403 1.30074298 0.50905734
-0.22988129 -0.64841837 -0.96651971
-0.58248085 -0.50952035 -0.52181721
0.30950376 -0.67029184 -0.43160802
-0.83353972 -0.66355759 -0.80170029
-0.66272771 -0.51803160 -0.33001670
0.52585101 0.87818027 0.48397803
-1.05823195 -0.64292800 -0.57197136
0.57034612 -0.52128136 -1.01256561
0.07166541 -0.46109366 -0.48758996
-0.32775056 1.45155442 0.63484138
0.28026289 -0.66863662 0.08814392
-0.48901784 -0.63614088 -0.15300429
0.75115645 0.26512146 0.35630950
-0.88358867 1.52969158 0.61728823
0.08281822 0.95067996 0.46132210
-0.20102741 0.84128231 0.43609378
-0.51989281 1.01020539 0.43437305
-1.03106880 -0.66951859 0.16757037
-0.14067633 0.14352731 0.35084909
0.81839544 0.48512563 0.31255499
-0.75913084 -0.34715727 0.25901794
-0.09227812 -0.65782791 -0.69247639
0.50101560 1.14097869 0.47960180
0.24239463 0.27567342 0.32811588
0.79909360 -0.52667689 -0.28906357
0.22384326 -0.66331774 -0.09219907
0.47719231 1.41662395 0.56751871
-0.84972072 -0.48890901 -0.20012482
0.98249704 0.45124152 0.39722648
0.34965399 -0.50984383 -0.72147000
-0.50364351 1.01913798 0.45569465
-0.61395925 0.61114216 0.42481858
0.55604458 -0.64736670 -0.80704838
-0.28928611 0.20655395 0.33387023
0.05731053 1.06228018 0.46921700
-0.57309425 -0.54930300 -0.71230751
-1.07010806 -0.04219429 0.23902075
0.85635954 -0.51368093 -0.40336606
0.97313297 0.75624198 0.38718507
0.36372703 -0.48089135 -0.86914200
-0.41288522 -0.11760537 0.29955870
0.90995771 -0.66578770 -0.32715765
0.11293152 0.74183601 0.50798649
-0.38356408 -0.51630509 -0.67735678
-0.39845067 0.46396178 0.37531161
0.30837607 -0.46316943 -0.90302348
0.49833310 1.07729220 0.51503706
-0.15553781 0.14878248 0.36780629
0.72568291 -0.65089571 -0.62776387
-0.06421526 -0.10468415 0.29382044
-0.24469611 -0.65518832 -0.01364856
-0.02757207 0.34459096 0.33077690
0.50036174 1.30530941 0.54602200
0.75762242 0.98350304 0.44623917
0.94379491 -0.49665195 0.06487907
0.17224506 -0.46873713 -0.43123135
0.08367091 -0.46386641 -0.89349949
0.06265122 -0.63655734 0.17241576
0.44156727 -0.64323401 -0.24027166
0.74942595 0.95151365 0.49312308
0.28330588 0.29596636 0.34823933
0.87447447 -0.49411911 -0.22676130
0.31070384 -0.52091104 -0.58405209
-0.61429811 -0.66947418 -0.65504396
0.30936581 -0.66883302 -0.91643780
-1.04711914 1.45807970 0.51525414
-0.75755757 -0.44565272 -0.42759606
0.34594223 -0.49951044 -0.74410504
-0.79419154 -0.06324012 0.28646573
-0.50216544 1.25582373 0.58433539
0.82155019 -0.63618356 0.02504271
-0.27496275 -0.67544883 -0.78004211
0.53027105 0.60777313 0.38001540
0.17741147 0.06877181 0.32932332
-0.80251873 -0.49185243 -0.79476762
0.17885076 -0.67568696 -0.77529699
-0.90415794 0.94765490 0.42209709
0.35982430 0.88359755 0.50228769
0.36206123 -0.64274359 -0.54935181
0.56917650 -0.63353992 -1.03268123
-1.07666051 -0.63278157 -0.27366289
-0.73822767 -0.35255271 0.25047436
0.25932756 -0.11293049 0.31987035
-0.34926257 1.18063462 0.53855735
0.93423200 0.06750260 0.32591242
0.68684512 1.40691149 0.54045439
-0.45904759 -0.50447369 -0.48791316
-0.10910817 1.53826880 0.56975269
-0.68348658 -0.67152852 -0.94227654
0.30221626 -0.05936272 0.24657977
-0.44792771 -0.48850644 -0.47344884
0.89961064 -0.64506221 -0.34887141
0.97383541 0.75462985 0.40828514
0.78730035 -0.49895760 -0.98512375
-0.65915698 -0.01185724 0.27569950
-0.98481870 0.62352341 0.44035658
0.98797405 -0.60828620 -0.24748059
-1.08107877 1.05260444 0.46107584
-0.48137447 0.53303194 0.40723577
-0.42264146 -0.67623210 -0.11639736
-1.01767516 -0.66149282 0.17109461
0.79009324 0.48461092 0.37055475
-0.80296719 -0.48309809 -0.81082380
0.08058853 -0.52241230 0.11271224
-0.24246547 -0.68485475 -0.09301382
-0.92955035 0.89041585 0.43385866
0.32262194 -0.58239859 0.17376858
-0.38670632 -0.65772945 -0.71266747
-0.35300609 -0.51134044 -0.82057834
-0.54584014 -0.67775542 -0.42549586
-0.21610104 -0.46769342 -0.39508364
0.32023078 0.64234406 0.48040628
-0.65277845 0.56887352 0.41415894
-1.02710724 -0.52591503 0.11403726
0.58311862 -0.49998108 -0.89909780
-0.72442460 0.47216672 0.34104481
-1.05800760 -0.64508736 -0.04288594
-0.17105466 -0.66027564 -0.39644426
0.21833313 -0.68977159 -0.09729328
-0.65891308 -0.65929145 -0.95435488
-0.86226511 -0.45156458 0.12718487
0.60251135 -0.15146995 0.27866489
-0.28384560 1.41852915 0.58240980
-0.35182440 -0.64108217 0.11262702
-0.53821599 -0.65345752 -0.27170423
0.95318663 -0.57517982 -0.80406094
0.93794250 1.40087974 0.57551914
0.93911654 0.06098383 0.30977815
0.06794140 -0.47320989 -0.48865291
0.45354018 0.33895797 0.38795340
0.23129642 -0.52266973 -0.52024633
-0.30270067 0.19716576 0.33728281
-0.82878554 0.93881530 0.42666811
0.60396767 0.17761116 0.36010984
0.89152092 -0.66426253 -0.34900510
0.33198908 -0.68270934 -0.88054246
0.64622670 -0.47854763 0.06479545
-0.33740523 -0.68380976 0.11701095
-0.04580188 -0.63408691 0.17541790
0.51828820 0.83813798 0.42173299
0.89460588 -0.49752173 -0.81995559
0.76012248 -0.48438695 -0.53626591
0.22390296 0.27223295 0.31613210
-0.41265169 0.46225855 0.37334308
-0.72047263 -0.67805165 -0.09593802
-0.83872527 -0.68605733 -0.78653204
0.00337189 -0.67076796 -0.19880888
0.47834560 1.43031812 0.56314045
-0.40225235 -0.11767696 0.30716777
-0.56265354 1.46030593 0.60721189
-0.91765016 -0.45322382 -0.20342040
-0.93844897 0.34080896 0.39362389
0.21446337 -0.67089599 -0.06341401
-0.15392876 -0.68711179 -1.00070667
0.76666880 -0.51228392 -0.27060166
1.00764179 0.45154899 0.40444207
-0.60263568 -0.63976514 -0.63790435
0.85659999 -0.51322943 -0.88684469
0.91919529 -0.23516288 0.19873688
0.46189910 -0.49867246 -0.08556063
0.99322385 -0.58365524 -0.89489806
-0.62062323 0.61208910 0.41675419
-0.01185946 0.35945013 0.32906023
0.35227233 -0.17989571 0.26176184
-0.26529098 -0.63365561 -0.15538247
-0.78236282 -0.05892493 0.26741785
-0.59252572 -0.64527017 -0.53169364
-0.91239035 -0.49001986 -0.57841885
-0.02431899 -0.47412503 0.21842659
0.86361867 -0.51249260 -0.42143834
0.80779523 0.37091857 0.38494882
-0.02134917 1.41373944 0.60017616
-0.91909105 -0.47277150 -0.58912867
0.47658953 0.21218340 0.30017072
0.67244565 -0.66858613 -0.65586698
0.07683919 -0.53350610 0.11494045
-0.56844372 1.28150189 0.56591040
0.90747797 -0.65071231 -0.32707074
0.52480948 1.12221098 0.48860437
0.78019696 -0.67844170 -0.77198184
1.00721025 0.46018934 0.38642809
-0.27812952 0.90430057 0.48271039
0.80716133 0.34767035 0.37357736
0.07872903 0.80002880 0.41053757
-1.06456745 -0.65960264 -0.03908037
0.22410834 -0.50974137 -0.51217806
0.81580770 0.49386737 0.34462643
0.98765284 0.75980169 0.39369494
-0.84054339 -0.66047722 -0.79877257
-0.71124691 -0.64721614 0.14393602
0.08031440 -0.50879747 0.11378181
-0.05680344 -0.09782621 0.30345294
-0.03973832 1.35920572 0.51813275
-0.17462835 -0.46302456 -0.41205379
0.48148134 0.23399632 0.31242156
-1.08001351 -0.56451035 -1.00367939
0.32076621 -0.66451186 -0.44112688
0.60055339 -0.15064833 0.26249903
-0.22675216 -0.66346794 -0.96851438
-0.24743444 -0.66029692 0.08865079
0.73547828 -0.64865345 -0.62405372
-0.73047268 -0.68976742 -0.09327504
0.30474871 -0.00474074 0.30138275
-1.03963912 1.46788132 0.50792187
-0.80148381 -0.53131938 0.21601216
0.62286544 -0.49862751 -0.58748424
0.98997438 0.95657891 0.45225808
-0.54947382 -0.50730938 0.22810858
-0.96014470 1.14478242 0.47525316
-0.42488047 -0.01784816 0.29922393
0.89468497 -0.47635391 -0.79694283
-0.06373474 1.16997790 0.49353626
0.77716488 -0.55821079 0.16279635
0.32129255 -0.69327497 -0.85966057
0.94636875 0.04023053 0.31501302
0.04507573 0.14769843 0.28244025
0.68962669 0.01137483 0.32810035
0.36732820 -0.64016259 -0.56635100
0.46764070 1.41137815 0.58185542
0.87741703 0.76879346 0.41645771
0.85283709 -0.52907157 -0.41703302
0.31588987 -0.01352490 0.31827581
-0.24217592 0.10821508 0.34000713
-0.07798939 -0.52589440 -0.52986431
0.84835112 -0.50794154 -0.86764455
0.74031293 -0.23022738 0.27006668
0.27154434 0.29370457 0.35160619
-0.59975976 0.62554097 0.41324726
-0.45664349 -0.48353618 -0.24125373
-0.23703852 -0.66537333 -0.97317243
0.63523924 -0.47361189 0.07423072
0.13472381 -0.66766703 -0.64712316
-0.74568814 -0.18901195 0.30200312
-0.93042976 0.34698686 0.39418170
-0.73512125 0.26887327 0.30357069
-0.00051068 -0.03615357 0.26491767
0.22950913 -0.09094233 0.31557536
-0.07686692 0.95103586 0.43942285
0.28447744 -0.18905470 0.27145982
0.28423494 0.29744247 0.33146754
0.42206714 0.40382230 0.36213711
0.77440202 -0.47923356 -0.52199274
-0.54888910 1.28911579 0.56433636
0.91849291 -0.65896279 -0.34668779
-0.58620870 -0.50083297 -0.54313135
-0.36842942 -0.50258398 -0.81823730
-0.35216638 -0.63469851 0.11738219
0.05717260 -0.47053894 -0.49179339
-1.00581002 -0.54294384 0.13951251
0.07511809 0.58061826 0.44464904
-0.80148381 -0.53471869 0.22426344
-0.35398132 -0.64939123 -0.42835534
-0.26403102 -0.69463521 0.17465325
-0.19467439 -0.46378207 0.10024925
-0.88600713 -0.50564957 -0.65108186
-0.05035587 1.32071006 0.54359108
-0.79406381 -0.65047431 -0.27337697
0.87218410 -0.52070147 -0.41620487
0.18075506 0.05813599 0.34824991
0.02037403 0.14552173 0.29013646
0.43663624 -0.52778935 -0.10073023
0.49342129 -0.51493621 -0.20998599
0.90503395 1.33875453 0.59198761
0.63780904 -0.51442540 -0.58906317
-0.20299757 -0.48525223 0.10697958
-0.55183971 -0.50242788 0.23397778
0.51442367 1.13064539 0.49109989
-0.43675488 -0.50369036 -0.64847940
0.33902311 -0.61314845 0.19643758
-0.71389145 0.65749329 0.41134077
-0.78902334 -0.07147238 0.26956668
-1.00887287 -0.51175326 0.11384302
0.33015692 -0.52733630 -0.98143423
-0.70553440 0.64282483 0.39856985
-0.49928620 1.25471640 0.59868288
0.29327336 -0.08311655 0.24889682
0.80249983 -0.64316249 0.01528342
0.94535917 -0.16409224 0.27197212
-0.59157300 0.59103429 0.42963859
0.03476898 -0.68169987 -0.07353120
-1.05477273 -0.57979965 -0.99804229
-0.89534044 1.55680299 0.60600853
0.72139597 -0.64820397 -0.62301868
-0.59048730 1.05857110 0.48755938
-0.12603141 1.56197345 0.57875276
-1.00138116 0.65930372 0.32936466
-0.35547674 -0.64775169 -0.42744070
-0.88424188 1.53559530 0.60489231
0.83971417 1.23273444 0.51986963
0.74343091 -0.50199056 -0.21002080
-0.74905258 0.27465391 0.33231673
0.89899522 -0.65603751 -0.49986145
0.47019735 0.51140755 0.40714920
-0.73659694 0.29048562 0.31959960
-0.66437674 -0.68233073 -0.93497306
0.48825076 0.86964142 0.44362721
0.66945589 1.40508199 0.53955168
0.35361990 -0.19872515 0.27213347
0.32648578 -0.66072428 -0.94286782
-0.08267230 0.94251305 0.44988579
0.96333307 1.26698422 0.57897627
0.54596090 0.61080045 0.38500610
0.68362933 -0.66902071 -0.64417511
0.67309648 -0.47745126 -0.14005123
-0.29073402 0.86878812 0.49808273
0.55726576 -0.52745271 -0.99121404
0.43714574 1.00086045 0.46209744
-0.35279390 -0.47947791 -0.64754456
0.42590815 0.14463393 0.33137959
0.36314708 -0.63492775 -0.56027329
0.36135796 0.90022659 0.49850401
0.93820286 0.42505980 0.34347725
0.77791744 -0.47469974 -0.55909729
0.24683131 -0.50357169 -0.26287931
0.42989129 -0.65462941 -0.24085225
0.00587806 -0.66603243 -0.18975128
-0.74818444 -0.36172003 0.25390404
0.26705232 0.39175349 0.37976933
0.97781646 -0.56766641 0.16867420
-0.55866283 -0.64891845 -0.26633927
0.37150311 -0.63092655 -0.56410456
-0.53448462 -0.67945683 -0.22053398
-0.21068525 -0.44681394 -0.40277150
-0.48970059 -0.65658879 -0.16461441
-0.39315537 -0.49947473 -0.82063466
-0.85351533 -0.47695208 -0.20718272
0.19197319 -0.49560386 -0.42444378
0.73176694 0.26743200 0.34268463
0.30059808 -0.66165745 -0.92957520
0.90420216 -0.65883267 -0.34832799
0.11698905 0.97250211 0.46795830
-0.56882906 1.45375156 0.57811445
-1.02895188 -0.66249961 0.17961945
0.12023927 -0.68123829 -0.64675599
1.00400496 -0.58490324 -0.89705724
-0.90047872 1.53819239 0.60479802
0.28642079 0.27934787 0.33123028
-0.05348265 -0.08283082 0.27596289
-0.34870473 -0.62901735 0.09706376
0.74959499 -0.20991775 0.27832013
0.25706673 -0.49255285 -0.24883267
0.86659330 -0.50958204 -0.42458749
0.40975693 0.81056350 0.46087876
0.66440082 0.83884376 0.42878041
0.55563354 -0.53000265 -0.69449639
-0.52927887 1.01183176 0.53502357
-0.91733700 -0.67014486 -0.99655044
0.49034384 -0.51487148 -0.23048852
-1.05976558 -0.65231228 -0.56589276
0.92297041 -0.46704727 -0.78812575
0.86987442 -0.47076625 -0.21747608
0.78669542 -0.56586421 0.14500752
-0.30786699 0.43350965 0.34593740
-0.56282842 -0.10437983 0.28010368
-0.06666652 -0.50225425 -0.35108924
-0.62339026 -0.52714890 0.18301798
0.10579851 1.32756162 0.51784337
-0.17358454 -0.66044074 -0.41402030
-0.27803448 0.43446273 0.35039583
0.78450310 -0.51992470 -0.05317206
0.28535110 -0.08495143 0.23876448
0.55161476 -0.64348650 -1.02569211
1.01168191 0.43837920 0.42556441
0.45557615 1.23587215 0.50855142
0.56097400 -0.65718800 -1.03001761
0.27755842 -0.67022765 0.09809923
0.73190635 -0.47663248 -0.63735503
0.85356939 -0.52140468 -0.87839180
-0.69984579 -0.67782485 -0.10007571
0.12665637 1.32927394 0.52606422
0.01707806 -0.01869289 0.28902414
-0.60784256 -0.65720493 -0.65449250
0.47738212 -0.62438124 -0.85938340
0.94469601 -0.47794601 0.05099858
0.31362832 -0.01857693 0.29488847
-0.23808661 -0.67782867 0.16987973
0.33172488 -0.52467346 -0.96608245
-1.02078867 0.97613525 0.45227075
0.78133500 -0.49585766 -0.53901249
-0.14417864 -0.72077399 -0.99164093
-0.34160089 1.43240750 0.62319821
0.81509817 0.49387443 0.32739714
0.48425630 -0.66992587 0.11626580
-0.36812410 -0.49649170 -0.66816187
-0.58559567 0.60218257 0.41520441
-0.84164256 -0.34055504 0.17646268
0.23173359 -0.61125910 -0.45082042
-0.66344649 0.57479745 0.39520496
0.94663090 -0.47294053 0.06831612
-0.42350325 -0.01405057 0.32087210
-0.58339137 -0.69454503 -0.26968685
-0.67292154 -0.00063047 0.29201141
-0.90500993 1.54340279 0.59212548
-0.03929716 -0.48968786 -0.38243613
0.19556536 0.40673247 0.37080500
0.75864136 0.58497965 0.34703428
0.16771685 -0.65942007 -0.75659561
-0.94521517 -0.29702938 0.27711040
0.78252250 -0.52871233 -0.59291983
0.95443338 -0.58234787 -0.80941141
-0.07969456 -0.09329300 0.29636776
0.46410656 0.51789498 0.41456193
-0.49776608 1.00717926 0.43440729
0.79171771 0.35008526 0.38583988
0.51587337 1.09165323 0.51637197
0.92582935 -0.48048535 -0.81095523
-0.05809886 -0.66295749 0.19672942
-0.27786434 -0.63802004 -0.15499769
0.06443883 -0.50336921 -0.83509856
-1.02259731 -0.67063564 -0.35217136
0.68094331 -0.71484989 -0.42821977
0.95383954 0.36830476 0.31998128
-1.06952763 -0.56711417 -0.99229205
-1.00676429 -0.67805254 -0.36655119
0.67604774 -0.48523572 -0.15002227
-0.43985480 -0.50466812 -0.48430923
-0.05312545 1.40123582 0.63493699
0.59937692 0.16426939 0.34488031
0.95145619 0.35923067 0.29112142
0.41815844 0.14888416 0.31938753
0.83922911 1.22009838 0.50853127
0.22751310 -0.62591493 -0.46155930
0.96556920 -0.54927665 -0.64323187
0.35095015 0.88538581 0.49419492
-0.99703610 0.64486319 0.45097592
-0.69460547 1.51818419 0.60129219
0.27284440 0.38850671 0.37902158
0.06282670 0.57304758 0.45686042
-0.63427436 0.36935967 0.38742715
-0.90947163 -0.67990106 -1.02431321
-0.10376055 1.44819129 0.58061880
0.57657605 0.16814418 0.35351562
-0.78913194 -0.68179584 -0.18608713
-0.05613065 -0.65657336 0.18928288
0.47477150 -0.62907398 -0.84979314
-1.04468799 1.46022606 0.51122618
-0.97016025 0.30961263 0.36985207
-1.10965109 1.05797958 0.47988003
-1.04936993 -0.64741391 -0.03399141
0.77629745 -0.50990611 -0.97583818
0.19296739 -0.66121787 -0.75746089
0.38618332 0.16951902 0.33684242
-0.60632789 0.60910177 0.41613901
0.20327280 -0.69620854 -0.68497884
0.92630172 0.45002770 0.36048633
-0.46515483 -0.47780749 -0.24497764
-0.41092780 -0.46117765 -0.82352138
0.54741788 0.60279864 0.40896383
0.41256949 0.38671848 0.36097974
-0.14263414 1.31369305 0.52701861
-0.27815786 -0.65871823 -0.76666278
0.77357668 -0.51036900 -0.57878089
-1.09086692 1.06906176 0.47515374
-0.27549639 0.10256515 0.34474626
-0.16555361 -0.60447353 0.18928152
-0.61796248 -0.50734901 0.18280156
0.77027279 -0.52075273 -0.98329920
0.52992827 1.12634933 0.49632630
-0.66233331 -0.66590571 -0.68019879
0.71418047 1.53313673 0.60650545
-0.59444034 -0.67097211 -0.63340521
-0.05956047 1.41361964 0.61250353
0.33834466 0.67323029 0.47647682
-0.86685473 -0.44845533 0.13475582
0.08234687 -0.47686496 -0.88322276
-0.72139937 0.64264470 0.42183903
-0.63923997 -0.51747853 0.18724103
0.71898329 -0.64969474 -0.65170193
-0.47582975 -0.46858969 -0.20774953
0.79044908 -0.51986033 -0.05635413
0.58909094 -0.13749477 0.27118692
0.78710753 -0.66184801 0.17812414
-0.06278631 -0.53775555 -0.51164484
0.06778885 -0.63473529 0.17241858
0.16603193 -0.50104749 0.03580231
0.52066952 0.83674443 0.42190856
0.55737656 -0.46794912 -0.78251898
0.67043430 1.41030419 0.53242052
-0.34667182 -0.65743965 -0.44149548
-0.23361519 -0.68522120 0.16561124
-0.10112417 -0.65081155 -0.67669058
-1.06669080 0.84423929 0.47446880
0.09933219 0.95609587 0.45255539
-0.04722354 -0.50680745 -0.35618919
0.15673102 0.81189841 0.44205546
0.44930759 -0.53118962 -0.11129516
0.78824133 -0.48840407 -0.07113265
-0.09574165 -0.66191411 -0.68146706
-0.48418352 -0.46512651 -0.33294919
-1.03562987 -0.66733462 -0.37130716
-0.63777065 -0.53258181 -0.32217738
0.39919975 0.40438327 0.34893212
-0.00799396 -0.67056090 -0.19455066
-0.44180712 -0.02570300 0.34018394
-0.94691926 -0.64442855 -0.63201147
-0.47389084 0.55206650 0.41020867
-0.07509941 1.15139699 0.49797639
0.10184448 0.79828876 0.42717910
-1.04584205 0.84310675 0.47739804
-0.77612245 -0.68829125 -0.16826779
0.56052977 -0.49847570 -0.84608883
-0.50050861 -0.64244187 -0.15009542
-1.08150756 -0.04349129 0.24228202
0.46145532 0.52370483 0.41716412
-0.97156841 -0.64141846 -0.62826306
-0.28797910 -0.63494861 -0.16104618
-0.25390461 -0.67912370 -0.00251809
-0.10676114 1.43997967 0.57530051
-0.23342296 -0.67147911 0.15238692
-0.92155856 -0.44838533 -0.20784581
0.21953662 -0.51066697 -0.51140589
-0.17875023 -0.44381988 -0.42421553
-0.00627610 -0.66757530 -0.17926186
0.52551472 -0.49954647 -0.83481508
-0.63895273 -0.67871886 -0.68165201
-0.84786314 -0.66598189 -0.81275141
-0.55097526 -0.53104711 -0.71705663
0.44983470 1.22287285 0.51562643
0.20206378 -0.67982799 -0.70710552
-0.26784417 0.91453087 0.44160992
0.11114321 0.80328721 0.39847866
-0.64068002 0.37763757 0.38733688
0.08646462 -0.51102036 0.11129789
0.73401713 -0.21532902 0.26748338
0.34651306 -0.52889913 -0.75141543
-0.24536097 -0.66159230 0.17044348
-0.88737071 -0.50811523 -0.64358336
-0.65494829 0.57256848 0.40030926
0.33491182 -0.67623061 -0.86280757
1.01210093 0.75665617 0.44945997
0.06413350 -0.48721999 -0.82478184
-0.28913814 -0.61775905 -0.15512711
0.92246991 -0.22200404 0.20738076
0.78483820 -0.50640404 -0.97494626
-0.56874758 1.47356427 0.57731420
0.98655796 -0.54034579 -0.64739615
0.80746633 -0.55176908 0.16665941
0.92510581 0.34653416 0.32260314
-0.17191309 -0.66184455 -0.41312036
-0.19358188 -0.42823753 -0.42014104
0.24048379 0.27566651 0.32766908
0.12669729 1.30455780 0.50907904
-0.82482654 -0.49585548 -0.20328102
-0.43652603 -0.47831565 -0.48849908
-0.34512535 -0.34347379 0.20663506
0.85131568 -0.49183351 -0.87849081
-0.79318041 -0.65136319 -0.29113096
-0.12262982 -0.65844572 -0.91891646
0.55882400 -0.49449465 -0.82517362
0.88287699 -0.50675440 -0.87525898
-0.28653228 -0.62155223 -0.15325978
0.32041302 -0.68537688 -0.42992520
-0.28721115 0.42726737 0.33468771
0.07613673 -0.48753241 -0.82112366
-1.04634356 1.44056356 0.55187404
-0.42269382 -0.48294392 -0.66842121
0.58875299 0.17461079 0.37088028
0.72945285 -0.63548738 -0.63841236
-0.66013455 0.00454588 0.23123381
-0.53454131 -0.65559745 -0.44160223
-0.52613425 -0.68577075 -0.25283787
0.21589147 -0.68073326 -0.10736616
-1.05687749 0.84709805 0.50155061
0.81062090 -0.52427119 -0.25712544
-0.57161164 -0.53504127 -0.73119396
0.99554235 -0.61632091 -0.23635860
0.04173595 -0.01986915 0.27774972
-1.05332518 1.45233810 0.53333104
-0.73504728 0.28643334 0.30807966
-0.35270903 -0.51540720 -0.81777912
0.42492589 -0.56674457 0.19734074
0.01530595 -0.47467819 -0.33644378
-0.59474587 -0.49186933 -0.54849005
-0.97358817 1.11769974 0.46665308
-0.89590555 -0.66356945 -1.00034630
-0.47871393 -0.48273152 -0.23141041
0.75485212 0.26274556 0.34955642
0.01353017 -0.67604518 -0.06281624
-0.14261101 -0.59508574 0.19786565
-0.13426845 0.71912342 0.44883311
-0.11508610 -0.65392751 -0.68133026
-0.55238312 -0.49911472 0.22861660
-0.71408045 -0.29036185 0.19117865
0.55612308 -0.50581205 -0.78018177
-0.05810201 -0.08802753 0.28373966
0.74858946 1.52091670 0.60967445
0.32793629 -0.70377767 -0.86946410
0.60098362 -0.43293798 0.04555285
-0.06984847 -0.66747743 0.16974476
-0.68838292 0.01721986 0.23967926
0.36597875 -0.48924494 -0.82872421
0.91642594 0.36321616 0.32014024
0.43135133 0.83774942 0.44613177
0.08329876 -0.52086157 0.09883562
0.42151204 0.40440434 0.34759963
0.97181088 -0.56828284 0.18154828
-0.07762899 1.16439831 0.50951278
-0.03204815 -0.49417576 -0.35347927
0.75840431 0.97981673 0.46004853
0.36305332 -0.49497944 -0.87089115
-0.90565509 -0.45782980 -0.20935911
-0.36791453 -0.48233312 -0.66160774
0.40971065 0.16457748 0.34154707
-1.05744088 -0.62587899 -0.56696451
0.60570920 -0.44602284 0.06022094
-0.41774794 0.45684764 0.35834664
0.34934294 -0.17638564 0.27313441
0.81196553 -0.66804010 0.17662904
0.06924844 -0.63814068 0.15544572
1.01312566 0.96013677 0.44889751
0.97872037 -0.55229717 0.17155726
-1.02256048 -0.50521028 -0.06033035
0.27382344 0.27315748 0.35741398
0.75342280 0.42797267 0.33001572
-0.90907758 -0.48206085 -0.66942626
-0.03758850 1.34750640 0.51363462
-0.01859175 1.32110083 0.53605437
-0.55464149 -0.54375589 -0.72242737
0.66381145 -0.65837020 -0.66293097
0.01937575 0.14335322 0.27886304
-1.01757431 0.66078722 0.32103312
0.51425892 1.08605683 0.53076696
0.56141859 -0.45630831 -0.63472319
0.54700863 -0.49816945 -0.84481978
0.68563586 -0.68559605 -0.42356628
-0.67521572 -0.00017062 0.22804654
0.94298786 -0.57801306 -0.78963840
-0.06349767 -0.52000058 -0.52187848
-0.70644307 -0.68868327 -0.08980873
-0.88817096 -0.48764479 -0.64796698
0.42159119 0.97578675 0.45176467
-1.09066868 -0.56428653 -1.00077736
-0.14822525 0.50031942 0.35428560
-1.05369246 -0.57900816 -0.98203337
0.91832632 0.03484311 0.33405814
-0.43841478 -0.50028396 -0.49619025
-0.58323199 -0.52643764 -0.72515273
-0.10258696 -0.52986652 -0.31765887
-0.96821654 -0.51509029 -0.10147018
-0.82358128 -0.33656806 0.18912901
-0.33907709 1.43897581 0.64247435
-0.50515032 -0.52843934 -0.27375153
-0.33946070 -0.32791239 0.19852886
0.29614860 -0.48973626 -0.90097302
-0.31459329 0.19084902 0.33076206
0.15410402 0.08558100 0.33568582
0.81062090 -0.50929517 -0.27197191
0.77506965 -0.64574772 -0.76490104
0.63318235 -0.49420628 0.02159885
0.56576037 -0.64612895 -1.03051281
-1.00910842 -0.51605326 0.12242232
0.15771882 -0.01530069 0.26078206
-0.09481555 -0.51579976 -0.31095678
-0.40083170 -0.13683243 0.30622348
0.19484834 0.06485430 0.32966986
-0.86494082 -0.43931654 0.14930922
0.25784111 -0.67874444 -0.57930028
0.25289968 0.27320236 0.31317779
0.48621410 1.09444582 0.52862561
-0.97545463 0.65018702 0.46759143
0.49939212 1.32478213 0.55397010
0.57752341 -0.51783425 -0.67005134
-0.57543647 -0.69221050 -0.24030983
0.84443015 0.19863525 0.33132660
0.43275374 -0.55793005 0.17801845
0.93478185 0.45754576 0.34551761
-0.35088888 1.16647899 0.55795664
-1.08294439 -0.65110773 -0.02512777
-0.97538209 0.31680867 0.38532647
0.93753916 0.44327709 0.34082875
-0.94743985 0.91140395 0.42501950
0.65485620 -0.50933546 0.04958114
0.33197173 -0.53178453 -0.98149055
0.99004400 0.76176476 0.39198449
-0.31451148 1.40588045 0.59762406
0.96940792 -0.54142797 -0.64760530
0.15053000 0.79494768 0.46273482
-0.64254928 -0.66574740 -0.96940053
-0.05915777 -0.50659794 -0.53509104
0.49248996 -0.65110040 -0.87358952
-0.99694991 -0.54965603 0.14694764
-0.92008156 0.34054130 0.37974286
-0.39084378 -0.64543843 -0.70334893
-1.00478959 0.99048740 0.45438001
-0.16725999 -0.67767465 -0.40674770
-0.40182030 -0.49922219 -0.80671000
-0.47613886 -0.50064170 -0.22880071
0.06713314 0.95708001 0.46052399
-0.99148995 -0.49654266 -0.12429787
-1.07510543 1.06129885 0.46447057
0.13301055 1.34485853 0.52090287
-0.33355212 -0.67212659 -0.42957503
-0.09303979 -0.50838441 -0.31638089
-0.71141374 -0.68835706 -0.08118439
-0.48484507 0.52756006 0.39801896
0.76011139 -0.49933228 -0.51255709
0.55897570 -0.50428969 -0.67501551
-0.02127495 0.35378394 0.34919184
0.63076347 -0.51382452 0.04958492
-0.74255097 -0.36110085 0.26213247
0.49586454 -0.50854218 -0.22809394
-0.39819568 -0.66042632 -0.69216424
-0.10841269 -0.53122556 -0.32095888
0.14676699 1.31370676 0.48641685
0.51249349 1.08769917 0.52358747
0.02747055 -0.46835607 -0.34103519
0.65142947 -0.06911553 0.29920387
-0.70541424 0.66694188 0.40587682
-0.44219473 -0.47169188 -0.23735423
0.74355376 0.24347387 0.34190688
0.88375008 -0.48343047 -0.82249480
-0.58613914 -0.66443294 -0.53101772
0.52501899 0.87478131 0.45279717
-0.18206723 -0.45917529 -0.41990578
0.08572833 0.93817413 0.45304456
0.77876180 -0.50879645 -0.58777165
-1.05847192 -0.05355657 0.26659384
-0.64058608 0.57564121 0.41286486
-0.39914200 -0.47560540 -0.83490968
-0.37818706 -0.48852661 -0.65320975
0.52487332 1.11850107 0.48727444
-1.02545428 -0.65423101 -0.35237339
-0.59647620 -0.53799391 0.17379582
-0.33209851 -0.65813857 0.09585160
-0.54564929 -0.67041445 -0.24111030
-0.79902661 -0.06491466 0.29950774
0.06026472 -0.62606031 0.18306263
0.87473696 0.20719865 0.35419863
-0.27756342 -0.68155152 -0.75920123
-0.69228381 -0.44469306 0.25969347
-0.81378621 -0.65538472 -0.27128762
-0.16736308 -0.64985126 -0.43229610
0.03219658 -0.47643861 -0.32851893
-0.04868462 -0.52524656 -0.53695661
0.86295307 0.18357939 0.35488418
-0.57775944 1.08095729 0.49042445
0.18014112 -0.68159544 -0.76480943
0.92694795 1.34695816 0.57245767
0.05211724 1.05665338 0.48617887
0.46898600 -0.65856689 -0.25325465
-0.65400678 -0.00771158 0.27688479
0.33560991 0.63675523 0.48128891
0.15903528 -0.00652237 0.25682536
-0.79243296 -0.05888289 0.27490437
-0.26705039 -0.68426627 -0.75486773
-0.87347853 -0.51046312 -0.68109596
0.87643629 -0.49441031 -0.43146184
-0.51828641 1.02059424 0.54260945
0.69682539 -0.68123662 -0.68524605
0.35673860 -0.48958713 -0.75265640
0.45174736 -0.52048296 -0.08251716
-0.21973322 0.86143768 0.44414690
-0.35883534 -0.67041224 -0.42236507
0.93813568 -0.16013795 0.27608219
0.79141551 0.48094648 0.36352307
-0.96919364 -0.51790631 -0.11334767
-0.96631598 1.12554073 0.46212998
0.68238074 -0.71304518 -0.42120138
0.89646196 1.34587479 0.59161931
-0.24524185 -0.66875404 -0.09671569
-0.23851776 -0.65100920 0.01656649
-0.56408298 -0.63363427 -0.28884682
0.49438861 1.06798482 0.53793818
-0.13487118 0.69809592 0.43515420
0.58036923 -0.51442063 -0.69721317
-0.64607930 -0.49496719 -0.30342966
-0.15583909 1.32603776 0.52371025
-0.40458539 -0.63581127 -0.70523489
0.74435079 -0.65145373 -0.61075431
0.06717730 -0.46820426 -0.49500123
0.64060658 -0.50570250 0.03103890
-0.09098018 -0.49735850 -0.30650610
-0.55764794 -0.52125943 0.19233181
0.39946929 0.15946047 0.34105384
0.87219936 -0.49318060 -0.87179607
-0.88401967 -0.50172156 -0.67070156
-0.74949217 -0.35200533 0.25302321
-0.59528792 -0.51928848 0.16148180
0.15498047 -0.49110293 0.05048265
0.81032091 0.12473318 0.30596319
0.46436799 1.25301516 0.51051170
0.63775492 -0.51347131 0.03733250
-0.72786564 0.27768737 0.29597798
-1.07240033 -0.63822943 -0.02381618
0.86291426 0.16796803 0.34351146
0.18818375 -0.65441555 -0.76588172
0.95774060 0.36515719 0.31741929
-0.31271210 0.42190561 0.36139408
0.32295796 0.64827889 0.49063340
0.14983661 -0.66157240 -0.64029908
-0.66762513 0.01009512 0.22315268
0.66281384 0.83981508 0.45486689
0.63364333 -0.50370187 0.05404780
-0.89250964 0.94932866 0.42996129
-0.09158780 1.45035100 0.60506183
0.29347095 -0.65771592 0.08492129
-0.13510765 -0.60590798 0.19153090
-1.06116712 -0.60116136 -0.27152452
-0.29168254 0.90865844 0.45278266
-0.56573015 1.45771980 0.58951652
-0.11342271 -0.64350206 -0.92226291
-0.40340921 -0.51567537 -0.67655057
-1.03242075 -0.67588991 -0.37181035
0.96777648 -0.59412640 -0.24417901
0.56786966 -0.52847540 -0.68195969
0.99485010 -0.27299625 0.27287406
0.66456068 -0.67936140 -0.67206359
-0.57850969 1.47095001 0.57381332
0.99182063 -0.29039651 0.26948825
-0.80307490 -0.64625186 -0.28810760
0.67986006 -0.71785492 -0.42133519
0.50785780 0.86248100 0.46381077
0.10091436 -0.50392580 0.11854392
0.27998155 -0.47574404 -0.89367634
0.20292202 0.42937535 0.40478316
0.89336139 0.79375446 0.42414707
0.67609960 1.40151703 0.52661335
0.93052810 0.34168148 0.33280236
-0.96788567 1.13106000 0.45716849
0.37947595 -0.49253553 -0.45275700
-0.73678619 -0.35829011 0.26626611
0.95550615 1.28833747 0.57686108
0.35849357 0.90601027 0.49506703
0.88370699 0.78253144 0.40150443
-0.76837516 -0.67615753 -0.16860053
-0.17906515 0.10822599 0.35935673
-0.46952346 -0.49310133 -0.24683055
0.93093783 -0.49304226 -0.80063218
0.21895814 0.43009403 0.38810784
0.72548467 -0.19910724 0.28035742
0.45530990 0.33854851 0.38620901
-0.25798562 1.40725935 0.59742934
-0.76322287 -0.34719023 0.24522890
0.19202647 0.44201410 0.38584203
0.61415255 -0.43842340 0.06916733
0.02341625 0.15763460 0.26839221
0.50128376 1.10506940 0.51983410
-0.57759631 -0.08861488 0.27446347
0.67225873 1.41390324 0.54972321
-0.56548297 -0.12070076 0.28819448
0.55715418 -0.63846272 -1.02188754
-0.76093888 -0.35214639 0.26459873
-0.65844351 0.37133688 0.37623113
0.94235432 0.44476792 0.36046988
0.47469521 1.41109037 0.56882149
0.23415616 -0.48793408 -0.49703521
0.85342288 1.19766986 0.50746697
-1.05066860 -0.64023620 -0.56716716
0.58110183 -0.49781305 -0.79574281
-0.19714652 -0.44570029 -0.40072522
0.01243575 0.14446466 0.27087039
-0.06265638 0.92416680 0.46834719
-0.65844351 0.37830979 0.38655418
0.93516874 0.46041378 0.33872148
0.42329332 0.98393828 0.47257331
-0.35012189 1.15884399 0.53437799
1.03060842 0.75599486 0.45305720
-0.94013363 -0.31823903 0.28191486
0.00361829 -0.65623450 -0.19433333
-0.65926856 -0.50682020 -0.31056929
-0.38547051 -0.46361533 -0.66491717
-0.89605147 0.93693179 0.41650340
0.98839098 0.43026188 0.38724539
0.95336103 -0.58214718 -0.80111527
0.91529679 0.05373259 0.32124251
-0.84924936 -0.35201666 0.18589638
0.95428938 -0.18026945 0.27213490
0.48337233 -0.65438664 -0.27492321
-0.45541972 0.87835324 0.48288414
0.80225414 0.34617797 0.37038338
0.57697058 0.16434060 0.36073172
0.93422729 -0.49461746 -0.81326634
-0.98305875 -0.50687343 -0.11652268
-1.02535307 -0.67267764 0.20345147
0.60039032 -0.50191706 -0.87944520
-0.59446251 -0.63384008 -0.53587765
-0.24296337 -0.69235957 -0.10658108
-0.67988688 1.42250431 0.61163479
0.49463505 1.31831908 0.54362965
0.91971529 -0.23081790 0.21238466
0.74162823 -0.50008816 -0.21542253
-0.33830625 1.44965148 0.62991345
0.25494221 -0.46641335 -0.22936533
-0.22736403 0.12312514 0.34940332
-1.02450442 0.66167444 0.31640363
-1.00355458 0.66345000 0.31550315
-0.89052600 0.96051544 0.42172372
-0.00717017 -0.45796663 0.21943161
-1.00829196 -0.53272235 0.11759231
0.40774873 -0.48464727 -0.44520250
-0.58555710 1.08401239 0.49607673
-0.71139741 -0.45600697 0.24940372
0.56290722 0.61160523 0.39341661
0.12430812 -0.66753906 -0.65251893
-0.59281993 0.60798955 0.41324911
-0.40853816 -0.49116567 -0.69933742
-0.57397181 -0.09397325 0.29549530
-0.04403018 -0.48576897 -0.36140302
-0.82273579 -0.48502293 -0.78463060
0.56357497 0.62417561 0.39556643
-0.39386848 -0.52054936 -0.68233997
0.63931137 -0.06757410 0.30282205
0.74050134 0.45209071 0.33996251
0.98739547 -0.30773690 0.25516978
1.01157606 0.44080284 0.40529042
1.02361465 0.03670353 0.29270008
-0.41137174 -0.65461963 -0.09202817
-0.46210751 -0.68658698 -0.38152224
0.57629079 -0.45602033 -0.63395232
-0.77915198 -0.53839725 0.22277251
0.93170792 -0.16706096 0.28494495
0.40228793 0.38690108 0.34157768
1.02290750 0.03959666 0.30175748
0.22704178 -0.69445771 -0.08901249
0.93032795 0.03744250 0.32816678
-0.98955977 0.65018368 0.42573977
-0.23644982 -0.66357595 0.02645168
-0.84427124 -0.35788065 0.19487734
0.66809130 0.83939219 0.41532001
-0.71712404 0.47208413 0.33967799
-0.10315198 -0.63820785 -0.90293849
0.98975873 0.04532344 0.29853377
1.00001228 0.72891212 0.45339569
0.54639840 -0.62472355 -0.80483061
0.49795008 0.23857680 0.29873002
0.15098411 0.81800908 0.45096380
0.76602864 0.97807413 0.45177555
0.92261451 -0.21987297 0.22072101
0.32333258 -0.60682893 0.18196110
-0.13910487 1.30703986 0.52066034
-0.79781884 0.47572362 0.42312965
0.98862952 0.72276521 0.39113593
0.68109137 -0.17240158 0.31606895
-0.16281225 -0.58688694 0.21573213
0.52540177 0.83437026 0.41281384
0.51328444 -0.50463885 -0.21796587
-0.29686400 0.42685753 0.34710070
-0.51630890 1.04728496 0.53312129
-0.01411309 -0.65105951 -0.18363295
0.45140582 -0.65980613 -0.26576045
-0.54451156 -0.66719234 -0.27047071
-0.04620611 -0.50306600 -0.36090997
0.58303899 0.17702368 0.34315014
-0.35397902 1.45415342 0.60651523
0.02503420 -0.67812884 -0.07096468
-0.36827216 -0.51553321 -0.81941330
-0.25765294 1.40393949 0.59570038
0.59457242 1.53014457 0.58314091
0.90650618 1.35034359 0.59901148
-0.12123296 0.72633153 0.43372449
-0.91163760 0.34607068 0.37336233
-0.29534155 0.21285123 0.32668191
-0.58847600 -0.09342422 0.28865173
0.24359775 -0.48218882 -0.24858144
-0.71439719 0.65103269 0.41311374
-1.07802820 -0.03980884 0.27235264
-0.66868490 0.01179588 0.24300100
0.60629129 -0.16378450 0.27941453
0.04980504 -0.52214015 -0.82458210
-0.04895725 1.40362346 0.60713780
0.13287310 1.29963839 0.51529533
0.28493384 0.41042808 0.37358245
0.22321972 -0.69258010 -0.08696874
0.04468002 0.16374062 0.26808566
0.46648625 0.50050408 0.39174438
-1.05597401 -0.61004221 -0.26682344
-0.69115180 1.54474342 0.58725542
-0.56470513 -0.49587506 0.22431333
0.89375287 -0.67365748 -0.33324739
-1.07119644 -0.04330171 0.25751367
-0.19417438 0.85367882 0.45421487
0.68095410 -0.69469303 -0.41495562
-0.83572483 -0.51126665 -0.21050210
0.65577161 -0.05028996 0.31043497
0.59844929 1.53772020 0.58605897
-0.10058258 -0.65102702 -0.65704101
0.57111853 -0.46973938 -0.76895326
0.74744707 0.98254508 0.46173802
0.19697678 -0.67445564 -0.68233430
-0.71302229 -0.27258658 0.19355494
-0.26010200 -0.67100626 -0.02494635
-0.17087395 0.11233809 0.35240269
-1.02591908 1.00886571 0.44679475
-0.28164777 0.06815418 0.33543736
0.32878110 0.00285871 0.30080485
-0.46463406 0.86230618 0.47710922
0.74240947 1.51091254 0.61500812
-0.41941482 0.46158677 0.37340522
0.19169104 -0.49818438 -0.41744572
0.50114936 -0.51453018 -0.73148084
-0.21940628 -0.48336661 0.09148467
-0.91687310 0.32770291 0.38426495
0.56094718 -0.51848108 -0.99754465
-0.50325984 1.28270292 0.57742989
0.65793663 -0.49688309 -0.17373039
-0.81103951 -0.48145202 -0.77400702
-0.27200353 1.42848694 0.58531350
-0.56051815 1.45822346 0.57857847
0.03684511 1.05664003 0.47448799
0.77769083 -0.55195868 0.16717687
0.63072985 -0.48723710 0.05066242
0.86602473 -0.50431710 -0.41925982
-0.58141232 -0.67801046 -0.63060117
0.65641683 -0.48142296 0.08528946
-0.77069664 -0.45939201 -0.43534005
0.99020857 -0.28208745 0.26376283
0.48139966 0.23297571 0.29216394
-0.42486227 -0.49974450 -0.65193576
0.91677964 0.45098701 0.36657435
0.87281269 -0.46946090 -0.81234825
0.11879592 0.95468849 0.47487092
0.77741039 0.58941782 0.33611482
0.25683507 -0.18158755 0.28668752
0.48537421 -0.50990635 -0.73381585
0.44322741 0.33064798 0.37564021
-0.11898899 1.57353139 0.55537152
0.50509113 1.13845181 0.51608741
-1.02259278 -0.47752476 -0.05548537
-0.52230489 1.01533508 0.54001176
-0.54103166 -0.65520918 -0.27325985
0.02325730 -0.47508329 -0.33440819
0.75643831 0.28604397 0.34487191
0.51473713 1.14161444 0.51736313
0.54588300 0.60555953 0.39081877
-1.03733432 1.45017076 0.52523595
-0.29528481 0.88349289 0.47437200
0.79469526 -0.66404110 0.17345671
-0.31687364 1.40042377 0.61587083
0.31200755 -0.67059809 -0.92144114
0.52317166 1.31306374 0.54600644
0.32075971 -0.59682995 0.18848778
-0.38888350 -0.65749198 -0.70196044
0.76835835 -0.52248985 -0.58045465
0.34079862 -0.70950639 -0.87223762
-0.96627784 0.32014060 0.37072286
0.00697792 -0.47609803 0.22536179
-0.48764813 -0.65938818 -0.16778336
-0.57910115 -0.53543389 -0.71981180
0.66114271 1.40096223 0.53595805
-0.46154493 -0.48333982 -0.24075283
-0.06562396 -0.55015272 -0.52178621
-0.49720368 1.01005101 0.45999891
-0.08328210 1.15081394 0.48690918
0.03079578 -0.68385416 -0.04724103
0.07043082 1.07377815 0.49092606
-0.27049956 0.92074513 0.46768391
-0.73957443 0.28067037 0.32092386
-0.70550042 -0.13703123 0.23607115
0.15675960 -0.03264119 0.24166512
0.68284595 -0.18096076 0.29063958
-0.51886505 -0.64538449 -0.14062463
0.42039010 0.82129353 0.45908430
-0.59247500 1.06804764 0.49198294
-0.35420933 1.44624293 0.62328929
-0.09927848 1.46611881 0.59770828
0.80274051 0.49967599 0.32637990
-0.46264321 0.55092031 0.41303587
0.60507971 -0.15342371 0.26509276
0.77608150 -0.50303066 -0.05711626
-0.10529236 -0.63566911 -0.67370719
-0.05743958 1.41897464 0.61661679
0.62814307 -0.49390450 0.03928109
0.59842265 -0.51674366 -0.60009849
-0.02296609 0.35536352 0.35642877
-0.50566781 -0.52305776 -0.28493455
0.80607939 0.35719198 0.36103386
0.13047384 0.75537443 0.48802084
-0.43401638 -0.46713385 -0.24202606
0.73627794 0.97216666 0.47515565
0.06142105 -0.63244748 0.16627933
0.25109717 -0.48113924 -0.23909417
-0.32478333 -0.67270339 0.12292746
0.92407751 0.35386783 0.29940680
-0.51950622 1.00528014 0.42787808
-0.48838410 -0.46116599 -0.33467054
0.31545714 -0.53292739 -0.58304900
0.97925961 -0.57206649 -0.87007999
-0.72766316 -0.27731097 0.19108202
0.21579637 -0.66902578 -0.68375123
0.88050044 -0.50764698 -0.43949792
-0.36257225 -0.50299573 -0.82072061
0.97837043 0.35895154 0.33308196
0.40969121 0.16145986 0.34384069
-0.57303762 1.48017800 0.57441396
0.86497521 1.23302794 0.52558649
0.66941720 -0.49427375 -0.15139557
0.29314938 -0.06022321 0.24146283
0.03781178 -0.47883916 -0.34547466
-0.71886265 -0.63242704 0.14648564
0.48297682 1.41878641 0.56627184
-0.40574455 0.00716049 0.32140708
0.58356196 -0.48174629 -0.76683450
0.42392883 0.36234686 0.40572226
0.99595845 0.72276521 0.40200788
-0.63127863 -0.51510829 0.16923954
-0.89090949 -0.47433272 -0.58804291
0.94816577 -0.49077597 0.04232575
-0.95628333 0.29647326 0.37466192
-0.95954901 -0.50554150 -0.09435654
-0.25571916 -0.67894000 0.09792567
0.62479252 0.15514590 0.36021671
0.75484282 0.42344084 0.35671848
-0.85467392 -0.43594289 0.11996696
-0.25671631 -0.68968856 0.16144964
0.37877941 -0.49274859 -0.46484271
0.74716353 -0.46102628 -0.62626690
-0.27649361 1.42138529 0.58375776
-0.84385192 -0.65280795 -0.78445011
0.88207829 -0.65487146 -0.51644045
-0.15072609 0.49599022 0.35305285
0.91233510 1.36178279 0.56912178
0.28872553 -0.07961722 0.22947869
0.26582441 -0.09551052 0.30353904
-0.64950901 -0.68901461 -0.65068340
-0.92514688 -0.46943018 -0.58156282
0.60004944 0.19168921 0.34482545
-0.25749588 1.40594161 0.58324707
0.38412616 -0.50106102 -0.47066525
0.03520660 0.14312495 0.27753139
-0.38938189 -0.11806221 0.30095398
0.48315486 -0.68283141 0.10269161
0.32219654 0.65449876 0.46459052
0.84482068 -0.63840377 0.01645502
0.21026711 -0.68878919 -0.08896617
-0.55485517 -0.65670919 -0.44868138
0.77197856 -0.46772322 -0.52330548
-0.94504553 -0.64016837 -0.62472272
0.98310423 -0.58714372 -0.79144734
0.64925706 -0.49004251 0.05299007
-0.90370232 -0.46514192 -0.21901482
-0.71578002 -0.46869922 0.26539969
0.31825435 -0.52157497 -0.99165308
0.74197996 -0.45964959 -0.53906298
0.87258917 -0.47790790 -0.22466494
-0.61790740 -0.51581949 0.17297295
0.06819423 1.05566144 0.46168578
0.30552590 -0.09496447 0.22391708
-0.78038871 -0.56349558 0.21598259
-0.51928639 1.03259706 0.53515667
0.73232442 0.96657610 0.46342048
0.60121781 -0.53292769 -1.00755000
0.96050030 -0.58306241 0.18995260
0.76575124 -0.54980785 0.15041398
-0.65551996 -0.66742772 -0.97216409
0.40811181 -0.51356602 -0.45884687
0.01878032 -0.02580115 0.26069215
-0.08598360 0.93524468 0.47282729
0.76000530 0.97611588 0.44351888
-0.98469746 -0.51620841 -0.10083286
-0.87704098 -0.43967453 0.12857388
-0.54811990 -0.66289032 -0.23405854
-1.01006842 0.96491367 0.43914965
-1.01385987 -0.53342748 0.12465904
0.34818527 -0.53647023 -0.96700871
0.46536559 -0.52818906 -0.10311450
0.12667289 -0.66835749 -0.64583474
-0.20994571 0.86269021 0.45879659
0.12567744 1.32888758 0.52245420
0.20076980 0.42590681 0.38851005
0.67887378 1.39518559 0.54149503
0.32228085 1.37459576 0.53181106
-0.14753461 -0.72206843 -0.99451631
0.74217820 0.98423469 0.46213293
0.96286935 -0.58522493 -0.25717410
0.67736989 -0.67285007 -0.65923989
0.92963284 -0.23432474 0.20451723
-0.85357338 -0.43407658 0.13622592
0.81912428 -0.63879901 0.03066555
0.67425716 -0.14790022 0.31395867
0.44376940 1.23750234 0.51406360
0.43134367 -0.67043501 -0.23941244
0.99511790 -0.28229931 0.26077092
0.98885345 0.72901845 0.39101774
-0.23510550 -0.45707485 -0.40245110
0.78433853 -0.52241200 -0.58177316
0.33347380 0.65598792 0.46992549
-1.03003001 -0.51101029 0.12708181
-0.22604938 -0.46581283 -0.40128714
-0.27533710 0.42646837 0.36284310
-0.54529840 -0.65000999 -0.22332644
-0.55735260 -0.08870729 0.29228169
-0.55588835 -0.50370997 0.22570439
-0.83041197 0.92959273 0.44853258
0.62553650 -0.48722595 -0.58280015
-1.04698455 1.45122981 0.53078473
-0.10628942 -0.52248013 -0.32487833
0.21234052 -0.65025741 -0.45085886
-1.07267511 -0.58934289 -1.00065351
0.54943657 -0.63529348 -0.81372112
-0.13099761 1.29208314 0.51748699
-0.00762408 -0.48008499 0.22734709
0.33025271 -0.61109704 0.17376858
-0.12251085 0.49340254 0.35171527
-0.34707364 -0.63947433 0.11123059
-0.06707216 0.93830389 0.44595748
0.74814731 0.42035601 0.36150539
-0.44559455 -0.49421585 -0.24164549
0.56581235 -0.49595642 -0.67997795
0.73082912 0.96258038 0.47767854
-0.71511841 -0.12878193 0.25126022
-0.86153030 -0.49647301 -0.21067412
-0.24208072 -0.43852884 -0.41274920
0.41542479 0.41463450 0.36680254
0.25230277 0.27485234 0.33588737
-0.41844016 -0.01471600 0.33623847
-0.74987501 -0.45508429 -0.42597771
0.51164222 1.12015998 0.50564229
-0.06337731 -0.65033251 0.16121818
-0.60797846 0.62714964 0.43954372
-0.41278702 -0.65222114 -0.69465607
-0.03755124 0.36197880 0.36270934
0.17046840 0.05565542 0.34182459
0.29797485 -0.49642849 -0.90519392
0.84610343 0.18643737 0.34787637
-0.69969457 -0.69257551 -0.50567591
-0.40696743 -0.51516539 -0.65786910
0.64618653 -0.48764125 0.05854980
-0.02947110 1.39135373 0.61291599
0.06621376 1.06349444 0.48598590
0.19970548 0.41226655 0.39175349
0.09231917 -0.46970382 -0.48283005
-1.02331626 -0.64717627 0.18828569
0.90062881 -0.23831959 0.20668796
-0.13350438 0.71455652 0.45558545
0.78198040 0.35193008 0.37119934
-0.42561537 -0.00735909 0.31329140
-0.33556727 -0.66781253 -0.44080144
-0.11415096 -0.63442677 -0.68815881
0.78737104 -0.50923687 -0.06251273
0.50499284 1.09724641 0.52236766
0.27979374 0.29629871 0.34772122
-0.17243198 -0.67303139 -0.41263101
0.62604582 -0.47095299 0.06774928
-0.50935090 1.04468060 0.53719652
-0.42159927 -0.01498286 0.32493392
-0.74413437 0.28602609 0.30447534
-0.30347458 0.42183617 0.35564035
-0.35966894 -0.65288419 -0.44461828
0.59762371 -0.51036006 -0.67959261
-0.16583771 -0.69158089 -0.99224055
0.42229229 0.83261293 0.44880953
-0.44453439 0.83839595 0.49254906
0.05483697 -0.46802127 -0.48106676
0.97334749 -0.54796934 0.16305006
0.81874639 -0.63251013 0.01579722
-0.90389979 0.93613321 0.43582827
-0.20476525 -0.44071084 -0.40348229
0.76268893 -0.66600949 -0.78645164
-0.91531837 0.91879570 0.39671206
0.43383554 0.36936045 0.39565778
-0.91120046 -0.44614917 -0.19227070
-0.13178863 0.70945150 0.44797966
-0.09142853 1.43177462 0.58999985
-0.58108401 -0.65781558 -0.53584653
1.02168334 0.04706097 0.31320143
-0.12982941 -0.61426771 0.20411827
0.84384865 1.22536850 0.50096774
-0.60759377 -0.67144924 -0.53185236
-0.66281205 0.01623374 0.24527004
0.20408630 -0.49367979 -0.50466973
-0.24860898 -0.66312629 0.15716714
0.31204060 1.40801179 0.52193820
0.85907799 0.18813027 0.33178714
0.39489534 -0.49385977 -0.47455576
0.78762573 -0.52009463 -0.29267383
0.23925643 -0.68169451 -0.06582750
-0.37910312 -0.51164746 -0.80800170
-0.13934803 -0.60184377 0.21508649
-0.75760651 -0.34328419 0.25726303
-0.10630487 -0.66024786 -0.65561295
-0.09832176 1.43427908 0.57086664
-0.47327414 0.53600115 0.41266161
-0.64254928 -0.64597052 -0.95032072
-0.52041978 -0.63429958 -0.14468816
0.29681373 0.31247693 0.33997509
-0.89459699 -0.44716373 -0.21193343
0.20053045 -0.66834217 -0.70710552
-0.16770697 -0.65853453 -0.40474671
-0.33749256 -0.65294176 -0.43479219
0.19560178 -0.69199836 -0.08500144
-0.20276834 -0.46326157 0.11062416
-0.26805332 0.90203345 0.45117334
-0.60604709 -0.50227505 -0.54101235
0.14022705 0.95546836 0.44651109
-0.89590555 -0.66791934 -0.98994607
-0.10338495 -0.52839786 -0.31526706
-0.26984933 -0.69780439 -0.76935250
0.87762916 0.78995723 0.40779150
-0.05373054 -0.09596133 0.28905159
0.47537231 1.42567539 0.58971155
0.47227803 1.42043674 0.59172273
-0.22383779 -0.46091500 -0.41380662
0.81962532 0.48137802 0.34161603
-0.32431978 1.38873672 0.61239713
-0.52788317 -0.52035004 -0.26522920
0.64982927 -0.05511179 0.31970239
-0.84316105 -0.35823661 0.18666938
-1.08571291 -0.58330244 -0.98039508
-0.09867328 1.46472871 0.60796911
0.30874449 -0.51858842 -0.59435558
-0.89172602 -0.45429319 -0.20473252
-0.74022841 0.63454157 0.40807620
0.32733643 0.89694923 0.49769410
-0.22244506 -0.68571293 -0.11765753
-0.34730959 -0.62229019 0.10072408
0.93001711 -0.51400512 0.06943287
-0.07679331 1.14106417 0.50430757
-0.29283491 0.42513308 0.36246821
0.27808636 -0.69714278 -0.55620992
0.32855543 -0.69194800 -0.43901771
-0.15160643 -0.59447688 0.19577652
-0.88868505 -0.50020307 -0.60116160
0.91039079 0.33318493 0.32971433
-0.94079536 0.34095621 0.40652010
-0.19433938 0.87982965 0.44299939
0.00424668 -0.02558665 0.27675715
0.77175027 -0.48338860 -0.55028403
0.57183933 -0.64849901 -0.83242565
0.01863431 -0.65746653 -0.17803925
0.32429251 -0.51978481 -0.60745066
0.73983115 0.27765328 0.34821278
0.81114852 0.11960361 0.28767115
-0.36609909 1.46579647 0.62650990
-0.74260050 -0.17214768 0.30731168
-0.09609523 -0.64090979 -0.89815259
-0.35392946 -0.49712324 -0.81810504
-0.41227454 -0.63924289 -0.70195138
0.45497191 -0.65763384 -0.23065500
0.20467745 -0.66771322 -0.10736616
0.66700739 -0.16560346 0.28755388
-0.40865245 -0.65757334 -0.72024226
-0.43731332 -0.48255488 -0.25029111
-0.23105314 0.13456188 0.35690066
0.06301251 -0.51788878 -0.83014446
-0.46297774 -0.47142029 -0.21264873
0.90551144 -0.22973359 0.21657860
-0.40940863 0.46628216 0.36471200
-1.03903890 0.83672947 0.46798921
0.49066079 -0.50788635 -0.70853603
0.96390927 -0.54070061 -0.66602939
-0.40859187 -0.64740825 -0.12088633
-0.41546237 0.45260936 0.36573637
-0.41234809 -0.64711893 -0.10867178
0.87946439 1.20574474 0.49578026
-0.55022776 1.27407706 0.56005609
-0.33497167 1.17330360 0.55280501
0.60205740 -0.46984619 0.07029424
-0.57017148 1.46778929 0.58900553
0.79664278 -0.50037527 -0.03899954
0.58481961 0.17919129 0.35705712
-0.14319739 -0.59600025 0.17265457
-0.99461073 1.10620773 0.49408662
0.25864223 -0.09331103 0.32176784
-0.42259893 -0.01210905 0.30829674
0.07607058 -0.46726307 -0.90151465
0.78151107 0.42329100 0.35433695
-0.62146872 0.00475395 0.22782777
0.07080500 -0.48891819 -0.83254534
-0.64859504 0.01389204 0.24766499
-0.13853784 0.72461975 0.43031782
-0.25596669 -0.67557299 0.10069782
0.96246719 -0.52310753 -0.64847779
-0.05980423 0.96512955 0.45935136
0.31309500 -0.53060144 -0.59814155
0.45497191 -0.65664232 -0.23747696
-0.27747068 0.08742803 0.33113769
-0.54977435 1.45149899 0.57866633
-0.36296821 -0.66742718 -0.44450459
0.99463099 0.96959764 0.45124593
-0.05768084 1.40843058 0.61585170
0.49857539 -0.52181220 -0.21579099
1.00768483 0.05232588 0.27635947
-0.90983367 -0.49675480 -0.60485160
-0.23931964 -0.68223792 0.15028302
0.77759832 0.43254325 0.37239155
0.98044229 0.75009936 0.38222724
-0.68573630 -0.68507099 -0.54273427
0.06763951 -0.49716550 -0.84219861
-0.95719165 1.13788509 0.47771528
-0.74813843 -0.33668679 0.26198366
-0.50935626 1.00468016 0.44052348
-0.24341054 0.11114767 0.34622729
-0.64114493 0.00094106 0.26213965
0.50411254 1.29995942 0.54816133
-0.66307950 -0.67128372 -0.65412062
0.15863866 0.00667153 0.24614635
-0.46796331 -0.47409701 -0.22772507
-0.42651349 -0.00681748 0.32786259
-0.72003520 -0.18473783 0.32652897
-0.28582504 -0.67849147 -0.76848900
-0.38536093 -0.46699855 -0.64714974
-0.06763585 -0.52758735 -0.51608765
-0.10518011 -0.51091969 -0.30178830
-0.73210764 -0.16706337 0.32118165
0.31624675 -0.67313939 -0.44105142
0.72253954 0.98959053 0.49770933
0.61220914 -0.52171618 -0.58858585
-0.06760640 -0.11193419 0.27967343
-0.00790087 -0.65279120 -0.18085618
-0.07294884 1.15440118 0.49006200
0.58878142 -0.51037085 -0.68139803
-0.85912186 -0.46366751 0.12552589
0.55670571 0.58980441 0.41070190
0.77654725 -0.65944684 -0.78162932
0.13878359 1.31403887 0.52034318
-0.36212668 -0.49892250 -0.66070592
0.72009325 -0.66375107 -0.64129394
0.87541175 -0.64883101 -0.51113898
0.79323369 -0.50918114 -0.26611492
-0.88119477 -0.50212014 -0.58925730
-1.02780986 -0.65610647 -0.35803723
0.95630288 -0.48513827 0.05113079
-0.36253139 -0.67257893 -0.42347336
-0.00243996 0.35996178 0.34760106
0.58769554 0.17734119 0.36086532
0.79815406 0.48164740 0.38621721
-0.51205659 1.04623282 0.54337007
-0.98679483 -0.63552731 -0.60251701
-0.54181796 1.44436634 0.57575881
-0.19593731 -0.45709667 -0.43581736
0.19043589 -0.66167599 -0.75877249
0.43297040 0.35412359 0.39615643
-0.78177857 -0.04874336 0.26960427
0.43197241 -0.55609310 0.18920790
-0.99110752 1.13408077 0.48099497
-0.71968883 0.67474002 0.38655972
0.27032349 -0.67114031 -0.55101234
-1.04842639 -0.58175254 -0.97190005
0.64309746 -0.48341480 0.05867916
-0.23332436 -0.68209779 0.01087316
-0.33591133 1.19239366 0.55920911
0.21509591 0.27095395 0.33401379
-0.88484645 0.96468699 0.40950808
0.60984004 -0.45926818 0.07357718
0.54797113 0.61426765 0.39549229
-0.33886752 1.40967119 0.62010443
-0.56537396 -0.53416580 -0.73224753
-0.79124218 -0.69716573 -0.16738153
-1.06798244 -0.04911157 0.27586824
-0.08891882 1.43416584 0.58830762
-0.42277870 -0.49050242 -0.64547378
-0.47712311 1.26702082 0.58593547
-0.52184188 -0.65850902 -0.44301885
0.23881055 0.25754625 0.34291112
0.15100883 -0.00692032 0.26896152
0.39813626 0.15787052 0.33810800
-0.66478676 1.41178524 0.60976613
0.48578921 0.22742327 0.28185445
0.46986455 1.43411076 0.58294237
0.95059288 -0.48568916 0.06383558
0.48825750 -0.51039368 -0.72038525
0.26585430 -0.67276984 -0.54536611
0.81408089 -0.67423135 0.03557557
-0.37885597 -0.48394820 -0.64954656
0.73593593 -0.46236414 -0.60710943
0.36535743 -0.16959997 0.24198566
0.21313237 -0.67212653 -0.09627931
-1.00238621 0.65698785 0.32386750
-1.01375771 0.67542493 0.32785448
-0.15336098 0.12123754 0.35686550
-0.60703605 -0.50685358 -0.54796576
0.03428848 -0.00726586 0.28780419
-0.16268764 0.14121012 0.36066872
0.47253430 0.24757586 0.29962850
-0.91076112 0.35230917 0.36324567
0.01940090 -0.01097303 0.27509505
-0.14016579 1.31609309 0.51913327
-0.77742964 -0.08784903 0.28033692
0.80588043 0.48110431 0.39136860
-0.10602621 1.43844175 0.58648807
0.68103898 0.01887148 0.30158868
-0.74883825 -0.45901981 -0.42186248
0.87555069 0.77857327 0.41562077
-0.05988633 1.42732286 0.61971021
-0.37112427 -0.49326620 -0.82637608
0.86193758 0.17108555 0.36827826
-0.36668602 -0.50628066 -0.80316001
0.66565883 -0.49071652 -0.16024449
-0.15605462 0.49220696 0.33877429
-0.87826186 -0.48671734 -0.67857260
-0.36832106 -0.33083910 0.22029278
0.90333116 0.34469202 0.33695969
0.99956369 -0.27836281 0.27450043
0.66353101 1.41699004 0.55324894
-0.65660834 -0.65483588 -0.95797735
0.43143567 0.82981539 0.46699780
0.06444481 0.96144110 0.46338177
0.03638339 -0.68892175 -0.05043657
0.47048268 -0.66903377 -0.25304598
-0.41549677 -0.10567519 0.29088485
-0.14517964 0.50156546 0.35606903
0.80313843 0.33427015 0.36322081
0.09231917 -0.47454211 -0.51397586
-0.89852983 -0.49288055 -0.59262919
-0.71606660 -0.10777403 0.23515290
-0.31449813 -0.65102625 0.11321732
0.49727732 1.10767412 0.53300279
-0.26474079 -0.68696064 -0.75261700
1.00309205 -0.58404344 -0.88189137
-0.98779404 0.64153725 0.44349575
-0.45167959 -0.47433305 -0.21961029
-0.34936696 -0.32377070 0.19886297
-0.74478102 0.62419802 0.42231998
-0.43363875 -0.02532366 0.31036425
0.85296518 0.18332314 0.35829911
0.80897492 -0.63630128 0.17147864
-0.63508511 0.56503922 0.40225446
-0.33636141 -0.65183914 0.09950568
-0.50601232 1.26036048 0.57213134
0.67111593 -0.05066331 0.29347929
0.60916072 -0.48796880 -0.87671608
0.97514296 0.75858814 0.40067539
-0.99865514 -0.49904937 -0.12261970
0.41839936 0.15300415 0.33832669
0.80796361 0.47385979 0.39082280
-0.11657094 -0.52015299 -0.30054998
-0.34019426 1.40017724 0.60800862
0.66495025 1.38917041 0.55736560
-1.03412688 -0.66367275 -0.36488900
0.93884146 -0.17534834 0.26666528
-0.29233861 -0.65457642 -0.78436315
-0.73947173 -0.19261557 0.31596750
0.80518842 0.35204953 0.38514495
0.85328412 1.21639597 0.48524830
-0.72273612 0.65249372 0.40946394
-0.08044933 -0.55054998 -0.54387444
0.38026756 -0.48710060 -0.45658767
-0.73231316 0.66301847 0.39205557
0.34435278 -0.54027772 -0.96059096
-0.10306236 -0.66209888 -0.66647774
-0.48420870 -0.46185714 -0.31426013
-0.70555598 0.65196437 0.40981439
0.94721502 0.36214292 0.31030804
-0.60453099 -0.65728307 -0.63505197
-0.15951379 -0.64291883 -0.42261034
0.11396168 0.95148844 0.44760284
-0.15726624 -0.66034442 -0.42165872
0.15054919 -0.00533920 0.25034699
0.57573432 -0.48913512 -0.87310410
0.60222977 -0.52146238 -0.71528280
-0.32499981 -0.62393826 0.10468743
0.62048566 -0.44486433 0.07187529
-1.06529844 -0.04117839 0.26543033
-1.03525364 0.82711279 0.48293024
0.12166672 0.94978374 0.46221533
0.25816691 0.28732482 0.33036807
-0.33097097 -0.31056762 0.20177720
0.89994198 -0.65354198 -0.33593231
-0.62728047 -0.67975795 -0.68830878
0.32723662 -0.59211367 0.18265395
0.05982121 0.57889831 0.45644864
0.46821910 -0.64009345 -0.87916237
0.88653016 -0.47896948 -0.82580185
-0.73684907 -0.17704125 0.30888835
-0.44966799 -0.47224236 -0.24649635
0.33251128 -0.51860142 -0.99622560
-0.78006595 -0.68011570 -0.14687636
-1.04691172 -0.39644882 0.22662765
-0.13837734 0.70951444 0.44636551
0.49315912 -0.52834678 -0.73351300
0.60845888 -0.16840571 0.26240662
0.32925564 -0.59573865 0.17461330
0.16175698 -0.66481173 -0.75939196
0.44533405 0.34148592 0.38733295
0.98065364 -0.28033337 0.29295170
0.87716907 -0.62757778 -0.50758857
-0.80305552 -0.64736140 -0.26235995
-1.00867569 0.65974551 0.33475128
0.93029755 0.04928562 0.32881910
-0.88803583 1.53072441 0.58537954
-1.05548453 -0.06470238 0.25411391
-0.41217601 -0.65578604 -0.10552218
-0.10160792 1.43794537 0.61431444
-0.58002561 -0.53845447 -0.70698774
-0.98424578 0.30510721 0.36832586
-0.70452189 -0.46526715 0.27070680
-0.03661636 0.34478271 0.32348481
-0.74748862 0.27167869 0.31688258
-0.32177871 1.39535391 0.61720639
0.90015417 -0.21357480 0.20589845
-0.65730035 0.57450563 0.40297946
0.06317943 -0.52157432 -0.81525683
0.80014235 -0.67797244 0.17808251
0.80152881 -0.67434996 0.18161438
0.36932543 -0.49778813 -0.84645063
-0.00586803 -0.47076443 0.20563944
-0.42051220 -0.12487403 0.31021687
-0.72862321 -0.64731389 0.11667156
0.48344719 -0.68495864 0.09665948
-0.99702835 0.62803411 0.45415252
-0.88170159 1.52929723 0.59650809
-0.72855258 0.47771966 0.33587945
-0.58423501 -0.48949048 -0.52800655
-0.48476452 -0.66322631 -0.38587436
-0.85212636 -0.66758132 -0.79871821
-1.00928736 0.65171778 0.44474375
-0.46768135 -0.46699965 -0.32205129
-0.79374981 -0.66624022 -0.15655625
0.88531291 -0.48665145 -0.79694283
0.12678851 0.73100376 0.51041430
-0.75752586 -0.15606527 0.30854139
0.00525357 -0.45796663 0.23531905
0.25157365 -0.11843767 0.31168103
0.50162166 1.32313919 0.55366015
-1.05626881 -0.38282081 0.23945086
-0.71648759 0.65983522 0.42183903
-0.33046702 -0.66834033 0.10469887
0.07873406 0.80161494 0.42761254
0.29918459 -0.05714955 0.24060780
0.93625897 1.39627111 0.56465274
-0.26348069 -0.67374724 0.08477297
0.77262348 0.60835624 0.32962623
-0.70610720 1.50899303 0.58991510
-0.55532765 1.48877895 0.60701561
-0.40362003 -0.50361317 -0.69055301
-0.77735162 -0.55444622 0.22673827
-0.54257333 -0.51938552 0.21566600
0.08170111 0.56013155 0.45720702
-0.55462551 1.26383221 0.57567507
-0.91848159 -0.66984648 -1.00125182
-0.23351535 -0.66541922 0.15113552
0.47292003 0.50800413 0.43569651
-0.88827688 -0.49602067 -0.66254538
-0.27607799 -0.68086827 0.08858749
0.75140339 -0.65817124 -0.76761323
-0.56853986 -0.53626746 -0.71295083
0.74149263 1.54847026 0.60544974
-0.57385516 -0.51767635 -0.70774549
0.45994902 1.23750365 0.52935696
0.82814389 0.12001102 0.27372220
0.21874073 -0.63854349 -0.44080588
0.77330065 -0.49954200 -0.53837049
0.94663805 -0.17738114 0.28906056
0.89148152 -0.65172517 -0.35084036
0.31977600 1.39175546 0.50326353
0.74882060 0.25269559 0.34876326
0.74269342 0.94563848 0.49672249
0.68339598 1.38455009 0.55296993
-0.09982039 -0.65788043 -0.89336485
-0.65165907 -0.52093267 -0.33111674
0.62531292 -0.51209760 -0.73771268
-1.05611420 1.45717156 0.54108638
0.94041407 1.36222970 0.56090826
0.31620240 1.38947761 0.53063732
0.74861747 -0.50360167 -0.52417797
0.84478629 -0.65452129 0.01259459
0.50131166 -0.50506592 -0.72512823
-0.51220566 -0.51649904 -0.26418120
-0.45020381 -0.48723933 -0.47511467
-0.30505806 0.21283019 0.36916292
0.74937958 -0.22923207 0.27776295
-1.00131619 0.99350226 0.45418820
0.80052704 -0.50560832 -0.06699792
0.84720957 0.19643682 0.35834354
0.47859892 0.51354599 0.41564596
-0.16110772 -0.60824144 0.17523856
0.45942530 -0.62885565 -0.88248932
0.20223813 0.40955177 0.41083565
0.68075204 -0.69627947 -0.43495134
-0.99865514 -0.49231201 -0.12010090
0.48907027 -0.62989777 -0.86434549
0.07601166 -0.49294743 -0.83770341
-0.33873513 -0.50723851 -0.83313793
0.17934340 -0.68508452 -0.75761390
-0.33197257 -0.32479614 0.20118591
-0.71433014 -0.30110946 0.19849356
-0.09026179 -0.52769911 -0.52918160
0.56756943 -0.63133579 -1.01214886
0.95658523 0.36903536 0.32352784
0.02311543 -0.01320936 0.26940268
0.30503830 -0.51633030 -0.58231890
0.32666177 -0.65788472 -0.42544198
-0.14603364 -0.68903548 -1.00412130
-0.14257333 0.50019085 0.36516523
-0.83910501 -0.65347195 -0.79429054
-0.69446874 -0.68622863 -0.51480949
-0.56167400 -0.51399237 0.17569818
0.30944976 -0.01574647 0.30187765
-0.09822015 1.43516064 0.60036516
-0.84467095 -0.35108167 0.20520408
0.48783696 0.23045270 0.28363746
-0.26991889 -0.64138997 -0.03657114
0.06868026 -0.49260449 -0.83842969
0.55586517 -0.64122635 -0.79880363
0.33386862 -0.49729577 -0.74641699
-0.97594351 1.14092219 0.47458357
0.27585301 -0.67488176 0.08800938
0.80795461 -0.65742844 0.01090735
0.49418375 -0.51160038 -0.22996545
0.86826146 -0.50201255 -0.87606508
-0.06628558 0.94498593 0.45411557
0.43016890 -0.55151618 0.16447021
-0.57260740 1.45514739 0.59408158
-0.63352793 -0.50990754 0.16644390
0.45540476 1.26445198 0.51165926
-0.57021171 1.46337903 0.59030080
-0.34595942 1.19427955 0.54427487
0.54892141 0.63213223 0.38522744
0.27274790 -0.68047321 0.10725349
1.01238763 0.44544604 0.38782433
-0.56083864 -0.65867168 -0.28189921
0.01665800 -0.67270726 -0.18116783
0.04396267 -0.54139036 -0.79970479
0.12021403 0.94071835 0.45543206
-0.38831630 -0.46874872 -0.81364292
-0.60632253 0.59154421 0.43334407
0.49277413 -0.66562092 0.08969095
-0.29562891 0.41335276 0.35227829
0.07616474 -0.47672147 -0.89043033
0.30899033 -0.68737006 -0.42650336
0.45619497 0.51374328 0.40729579
0.58705026 -0.49749506 -0.87373126
-0.78186518 -0.06569618 0.29006603
0.50266743 -0.52285457 -0.20874691
-0.93705034 0.34568936 0.38832581
0.09974726 0.74182528 0.49170423
-0.61489940 -0.50153923 0.16909905
0.78088135 -0.51116496 -0.98092848
0.75851923 0.26690611 0.34241670
0.59248233 1.52141237 0.56569648
0.74121165 -0.48748878 -0.22319195
0.50821948 0.88288444 0.47513220
-0.96748298 -0.50185037 -0.13277647
-0.40853867 -0.50245589 -0.69813859
-1.09170616 1.08185410 0.46251234
-1.02615190 -0.66961056 -0.35823196
0.46432880 1.44612706 0.58868051
-0.56152320 -0.52682084 0.18438485
0.31294093 -0.53664809 -0.57369691
0.20795953 -0.68751723 -0.10339573
0.47107041 1.42316413 0.59249151
-0.28692809 0.21730866 0.34628144
-0.64584261 0.39546517 0.37740964
-0.43677229 -0.48589119 -0.23783584
-1.00875485 0.64018530 0.43720028
0.05537140 -0.47583660 -0.88723922
0.34235033 -0.54639739 -0.97906232
0.12732486 0.81052840 0.45824820
0.77057242 -0.47492054 -0.54809290
0.45007026 -0.64559269 -0.24970442
-0.09291985 -0.50893682 -0.30049819
0.77952939 -0.55565631 0.18172453
-0.29146340 0.43528986 0.34699786
0.92691290 0.33371854 0.30949357
-0.98682630 0.63510191 0.46110383
-0.27628350 0.93397075 0.46609819
-0.73721260 0.27870190 0.31806487
-0.66076940 0.58373833 0.40079749
-0.75825006 -0.17333513 0.30345240
-0.32759708 -0.68380976 0.13125464
0.77167845 -0.48741236 -0.53838557
-0.58577722 -0.66894186 -0.65073419
-1.05737722 1.43095577 0.50792187
0.54466009 0.62214512 0.38956642
0.81188041 0.13468145 0.28215590
0.24634293 0.24715570 0.31508651
-0.46764621 -0.47387740 -0.48157832
-0.23094183 -0.66638219 -0.09875330
0.76690036 -0.51677483 -0.57932305
0.67721248 0.01328707 0.32109192
-0.72069371 -0.68263644 -0.09218473
0.28864133 -0.06866062 0.23581137
1.01380765 -0.57574874 -0.89821559
-0.12165177 0.71277153 0.45171696
0.49856558 -0.52863199 -0.22330041
0.04882992 -0.65902889 0.16691975
-0.96647811 0.30414417 0.38015455
0.06763592 0.58858961 0.44977900
0.77417141 -0.52381021 -0.03781865
-0.35930312 -0.66205782 -0.42710540
-1.00517726 0.64364392 0.34029692
0.78494066 -0.50639427 -0.26586142
0.34201249 -0.65386176 -0.43202579
-0.57074684 -0.10056846 0.28661293
-0.15503192 -0.58895373 0.21264145
-0.26189214 1.41780388 0.59040421
-1.05486035 -0.63340890 -0.56728125
0.50096023 0.88481426 0.44574854
0.99855977 0.96827579 0.45987153
0.48762789 -0.65303749 -0.86371869
-0.10472015 1.56751442 0.54199332
0.38651770 -0.65341985 -0.55158472
-1.09196591 1.05156803 0.48087594
0.02951096 -0.03378649 0.25515079
-0.80844045 0.48182252 0.41605011
0.06034368 -0.51007766 -0.79970479
0.59714144 -0.46665305 0.07112930
0.65720665 0.85478425 0.43022710
-0.61341822 -0.51997739 0.18319321
0.58057380 -0.55748194 -1.00003397
-0.55538362 -0.66166419 -0.41963765
0.57550257 -0.48191023 -0.78045160
0.15783109 -0.00029277 0.24052066
0.46675494 1.42999125 0.55801648
-0.40517265 -0.50627142 -0.68533576
-0.74518442 -0.17832102 0.30069616
-0.67168081 1.53511405 0.59961486
0.35475841 0.89501828 0.48867843
0.97517234 -0.59214979 -0.25253528
0.23535971 -0.50806063 -0.52685547
0.25119314 -0.48133466 -0.22918437
0.96676326 0.36002648 0.30103067
-0.98458195 0.64082730 0.44626492
-1.03647089 -0.62916851 -0.55367428
0.25732240 -0.18677117 0.30580291
-0.65533173 1.40911353 0.61056781
-1.02971792 0.84632152 0.48521724
-0.09998024 -0.52269328 -0.31346843
0.15382533 0.05451019 0.34727883
-0.66364872 0.00407639 0.27551159
-0.97479028 -0.51598799 -0.11718132
-0.42329714 -0.51026505 -0.67769736
0.90014398 0.78407973 0.39856446
0.58632141 0.18169686 0.35658389
-0.57431024 1.08676732 0.49580708
0.51432073 0.84000266 0.40134829
-0.93531466 -0.29751724 0.27101907
-0.10321174 1.44054687 0.59729093
0.60508513 1.53946948 0.58071530
0.34865072 0.66201478 0.45861441
-0.36430538 -0.32975426 0.21122105
0.08438645 -0.48620060 -0.83243352
0.31871220 -0.70435518 -0.85142082
0.67379558 -0.47987515 -0.14715992
0.34143618 -0.67107940 -0.85776293
0.75715214 0.42548171 0.34004375
-0.89365244 0.96340346 0.41620785
0.95478028 1.28153312 0.56676400
0.77077389 -0.65052271 -0.77429098
-0.92565525 0.34877938 0.38652524
-0.13431521 0.71195680 0.43175587
0.85751718 -0.49817082 -0.86050284
-0.71854299 -0.68696839 -0.10176392
-0.28265098 0.18140619 0.35398635
-0.21168417 -0.47925085 0.10301065
-0.54172868 -0.65432739 -0.22161427
0.85400468 0.19289146 0.35397193
-0.81583971 -0.66988117 -0.78499478
0.09652231 0.80804545 0.41195023
-0.72924262 0.62834829 0.40562379
0.89009601 -0.48840341 -0.83667332
0.85293025 -0.51241815 -0.85870290
-0.50032330 1.24869621 0.60341716
0.91242307 1.33563244 0.58959240
-0.35163569 -0.52650177 -0.81873274
-1.00081789 0.96889079 0.45897990
0.03377578 -0.48998114 -0.33388585
-0.34834307 -0.33633095 0.19498308
0.73352253 -0.64801103 -0.62635076
0.03847133 -0.67380601 -0.05446347
-1.05533874 -0.58111882 -0.99777478
-0.55132586 1.28637469 0.54310292
-0.32825905 -0.66214269 0.11356724
-0.59651315 -0.50589675 0.17865282
0.59684592 1.53586221 0.56528354
-0.13469860 0.48851186 0.36499536
-0.41597328 -0.00680881 0.31812167
0.99986279 -0.58474654 -0.86740965
-0.06578229 -0.53717691 -0.53450429
-0.03647675 -0.47780427 -0.35400119
0.22562246 0.26442030 0.32167259
-0.53093338 -0.52439439 0.21369003
-0.57673174 1.09979796 0.50123727
-0.82327378 0.93610966 0.43772236
-1.02685702 -0.35857069 0.23924208
0.50693673 1.09778619 0.51765102
-0.30250049 0.07596868 0.33104050
0.95852107 1.40431774 0.60413688
0.59987932 0.17208238 0.33969918
-0.16234443 1.29130793 0.52644491
0.20590818 -0.69210535 -0.68161702
0.43438461 -0.55261266 0.17402144
0.99657840 -0.59999943 -0.88504934
-1.02353632 -0.65791273 -0.35962182
0.03376094 -0.47815251 -0.30872849
-0.51745093 -0.66729850 -0.23530297
-0.59680951 -0.66059905 -0.61687064
0.78988373 -0.51557863 -0.04084710
-0.37327161 -0.47313562 -0.66175354
0.32768941 -0.52105379 -0.60765213
-0.59599596 -0.68687373 -0.24435450
-0.77699667 0.47545713 0.41225916
-0.64950830 -0.00328199 0.24648613
0.09283981 -0.50334942 0.11683221
0.60960883 -0.17152274 0.25564742
-0.35137376 1.15969026 0.54398876
0.58727610 -0.53098243 -0.68713778
-0.62797183 0.39084458 0.39853743
0.78677356 -0.48865843 -0.53268248
0.36047563 -0.51453131 -0.74373132
0.02051292 0.14169461 0.29013646
0.62669474 -0.50554174 0.03305792
-0.93466872 -0.30459720 0.27025056
0.31207514 -0.50394386 -0.61540884
0.75353849 1.53589261 0.61456764
-0.63547903 0.38529634 0.39427790
0.51101708 1.07776058 0.53770500
0.35134724 0.88629502 0.47989607
-0.68609113 1.50919664 0.59779435
-1.02761865 -0.48592553 -0.07251364
0.07201555 0.56905907 0.44620457
0.09740720 0.97319108 0.46921471
0.72418296 -0.64708984 -0.61775678
0.27857652 0.27903017 0.35831386
