2048
0.57312602 0.47722691 0.55435592
-0.98667300 -0.43715593 -1.41156709
0.99356961 -0.48356518 -1.16623628
-0.99271142 1.19424105 0.82487535
-0.84641016 -0.43370536 0.27728075
0.31175059 -0.49667710 -0.14521584
-0.02455254 -0.36607555 -1.09153306
-0.42148092 0.42479655 0.59869486
0.03669385 1.21321881 0.79658109
0.98908389 1.21045840 0.79847896
-0.75980258 -0.35900202 -0.58103138
0.98891145 -0.27549988 0.33197123
-0.13662481 -0.21908423 0.36975423
0.99253446 -0.44612721 -0.41915113
-0.99271142 0.18854074 0.44117960
0.48600090 -0.49667710 -0.76787603
-0.33590850 -0.49667710 -0.13277678
0.47357908 -0.38212037 -1.40121555
0.42475450 -0.08468717 0.35543463
-0.48531520 0.94960064 0.78502196
0.07508068 0.67235273 0.68702775
-0.98943335 0.67563075 0.66891259
-0.02500110 -0.35813943 -0.54773408
-0.43804330 -0.46976313 -1.41588020
0.51084447 0.97220135 0.72964138
0.99080920 0.20097978 0.49863040
0.99391466 0.73670459 0.63975585
0.06260712 0.20348141 0.52105862
-0.58486211 -0.06225892 0.42513472
-0.47289339 -0.49667710 -0.92970455
-0.99322897 -0.42128357 -0.15765490
-0.98960602 -0.49219143 -0.95040762
0.74875659 -0.36003721 -0.04706634
0.19960926 -0.47700918 0.27124241
0.85951757 -0.36607555 -0.79271966
-0.46858031 -0.37590948 0.21103114
0.58727306 -0.36020970 -0.39216819
-0.41061181 -0.49667710 -0.53117168
0.57312602 -0.48891342 0.25899312
0.10068339 -0.47166094 -1.41622519
0.66025114 -0.37194139 -1.09153306
-0.27259180 0.12682852 0.43031046
-0.03745741 -0.36245254 0.03850609
0.29915625 -0.49667710 -1.09153306
-0.67198730 -0.49667710 -0.25728810
-0.77170676 0.43142152 0.53813863
-0.72184706 -0.49667710 -1.20367444
0.62298578 0.14925678 0.50052816
-0.97097325 -0.12505805 0.32265487
-0.26120514 0.70081937 0.69703418
0.27431265 -0.49667710 -0.50632805
-0.80897218 0.94615006 0.72032505
-0.29122448 1.21011341 0.80537993
0.81103814 -0.38384563 -1.41536248
0.08753699 -0.49667710 -0.81756324
-0.60970575 0.67235273 0.68702775
0.98287314 -0.49667710 0.10389309
-0.20789492 -0.38350061 -0.82135880
-0.67198730 1.21080351 0.79640859
-0.11067706 0.44230783 0.60559589
-0.06188696 -0.49667710 -0.26974270
0.19960926 0.96357507 0.72653598
0.69768912 0.71876198 0.70151991
0.68940794 1.19717395 0.84143764
0.74858397 -0.08468717 0.35543463
0.27534777 0.40519771 0.59248406
0.37385958 0.68115151 0.68996066
-0.11171220 0.96357507 0.72653598
0.34901598 1.21063089 0.79916900
-0.69803858 -0.35951957 0.02453156
-0.98218739 -0.49667710 -0.44406372
0.89695555 0.46076795 0.61197937
0.14978403 -0.17509034 0.32351747
-0.19892363 -0.49546942 0.24036038
-0.73426884 -0.36693814 -0.86742294
-0.33590850 -0.37194139 -1.16623628
-0.57244033 0.21981953 0.46326271
-0.16150294 -0.37953252 -1.38965631
0.33659419 0.14891173 0.50173581
0.82225221 0.96357507 0.72653598
0.74754882 -0.49667710 -0.56860960
0.44856292 -0.36486787 0.05144547
-0.99322897 -0.40886176 -0.69317269
0.99339706 -0.42128357 -0.15765490
0.77239245 -0.49667710 -0.26974270
-0.46547481 -0.35900202 -0.32345149
0.14978403 -0.35986465 -0.28375345
-0.03699160 0.00813128 0.38838693
-0.93353528 -0.37314907 -1.16623628
0.98339057 -0.00670587 0.36475098
0.74754882 -0.31052247 0.25709531
0.38628140 -0.32950023 0.33231628
-0.22376718 -0.36020970 -0.39297909
-0.52258056 -0.36607555 -0.73043805
-0.73426884 -0.20338443 0.29729369
-0.37317389 -0.17353761 0.38579902
-0.80897218 0.02072562 0.45446396
-0.99219376 -0.38781372 0.09129876
0.20185208 -0.36038226 0.02832712
0.54828244 -0.49667710 -0.18258476
0.28673443 -0.36745578 -0.79271966
-0.70200664 -0.39057413 -1.41501760
0.68526733 -0.49667710 -0.89226663
-0.27362695 -0.36659315 0.06645515
0.26189086 -0.37194139 -1.27837777
0.44856292 -0.37228644 -0.95472074
-0.56001854 -0.37194139 -1.10395479
-0.99322897 0.38813499 0.55211318
0.98287314 -0.49667710 -0.92970455
-0.19892363 -0.49667710 -0.60587502
0.95923716 -0.49667710 -0.64331293
0.45218599 -0.35917455 -0.56688434
0.37523979 -0.35951957 -0.30597469
-0.49773702 -0.49667710 0.01659540
0.48600090 -0.49667710 -1.20367444
-0.62230009 -0.49667710 -0.46889013
-0.64714366 -0.49667710 0.21586187
-0.82829505 -0.35900202 -0.31237537
0.02525545 -0.35813943 0.31299347
0.77239245 -0.49667710 0.14115849
0.19960926 0.02555632 0.39442527
0.66025114 -0.36607555 -0.71801639
-0.17390749 -0.35900202 -0.13275953
0.76100582 0.33853403 0.50518644
-0.78412861 0.22849752 0.46636820
-0.04944791 -0.49667710 -1.25353420
-0.24861081 -0.49667710 -0.99198604
-0.80897218 -0.49667710 -0.09537335
0.05016806 -0.49667710 -0.09537335
0.47357908 0.29552352 0.55176806
0.81086552 0.11820228 0.42720503
-0.79655039 0.64302343 0.61301446
0.85951757 -0.37194139 -1.05426764
0.66025114 -0.49667710 -1.34065926
-0.23618899 0.28682825 0.54866260
0.98287314 -0.49667710 -1.36550283
0.07609858 0.49570432 0.56091195
0.16222307 -0.37314907 -0.95454818
-0.67198730 -0.49667710 -0.71801639
-0.42303362 0.62318307 0.60611355
-0.98943335 1.00049543 0.78364176
-0.48531520 1.13575506 0.84971881
0.11243235 -0.49667710 -0.61846930
0.61056399 -0.49667710 0.02918974
0.58537531 -0.19096261 0.37993321
-0.28604871 -0.31914875 0.25398988
-0.51913005 -0.35900202 -0.11799138
-0.08679958 0.77155465 0.65856111
-0.59624881 0.50443411 0.56401742
0.07508068 -0.49667710 0.11631490
-0.48531520 -0.49667710 -1.22851789
-0.99322897 -0.30914229 0.27814344
-0.30985722 0.92768991 0.71376914
-0.70942521 -0.49667710 -1.00440788
0.32417238 -0.49667710 0.10389309
0.77549791 -0.36038226 -0.40448648
-0.83398831 -0.49667710 0.09129876
0.82225221 -0.49667710 -1.24093974
-0.53500241 -0.20338443 0.29729369
-0.34833026 -0.49667710 -0.71801639
-0.47289339 0.79777849 0.66787744
0.05016806 0.85557431 0.75172466
-0.84641016 -0.49667710 -0.78029788
0.92179918 -0.46872804 0.27572805
-0.43545547 0.04522418 0.40149879
-0.06188696 -0.49667710 -0.96714252
0.03772901 -0.49667710 -0.44406372
0.36143780 0.86333799 0.69099587
-0.83398831 1.08762062 0.83212131
0.56070429 -0.49667710 -0.51874983
-0.24861081 0.55986637 0.58351272
0.12488867 -0.49667710 -1.20367444
0.49842271 1.11315429 0.84299040
0.99391466 0.91112751 0.70186490
0.18718746 1.10435557 0.83988488
-0.21134542 -0.03776039 0.37199706
0.67043012 -0.35900202 -0.21220732
-0.03923442 -0.38212037 -0.75855964
-0.64714366 1.02033579 0.74654889
0.53586066 0.64302343 0.61301446
-0.32124385 -0.35900202 -0.60587502
0.87694257 -0.35882953 -0.56446898
-0.09925589 1.10487306 0.83815968
0.22445288 0.58074194 0.65459299
0.28673443 -0.49667710 -1.40294087
-0.94940752 0.83297354 0.73999286
0.78481424 0.59713179 0.59679717
-0.67198730 0.83814925 0.74568623
0.24946903 -0.49667710 -0.33200872
0.32417238 -0.49667710 -0.68057835
0.59814215 -0.00066749 0.38510895
-0.11171220 0.14080305 0.49690518
-0.33590850 -0.49667710 -0.30709609
-0.80897218 -0.49667710 -0.43162465
-0.19892363 -0.49667710 -0.02067000
-0.36075208 -0.49667710 0.14115849
0.67284554 1.04655957 0.75586528
0.36143780 1.01291716 0.80745029
-0.52258056 -0.35986465 -0.50546545
0.21530904 -0.35865697 -0.60259706
0.53586066 0.80122894 0.73257428
-0.34936544 -0.37366667 -0.92573643
0.84709579 -0.49667710 -0.08295154
-0.41061181 0.20413700 0.51950598
-0.86849332 -0.37280402 -0.97559619
0.90782470 -0.36435032 -0.29559729
-0.85883188 -0.49667710 -1.31564307
0.89695555 -0.36383271 0.04092144
-0.73461390 -0.35986465 -0.17021473
-0.17408001 -0.37470180 -1.21695876
0.49842271 -0.49667710 -0.34444776
0.22445288 0.27425122 0.48258555
0.05016806 1.03793335 0.75275975
0.37385958 -0.48373759 0.26589414
-0.06188696 0.61455685 0.60300803
-0.32331416 -0.49667710 -1.27837777
0.22445288 0.77155465 0.65856111
0.83467400 1.11315429 0.84299040
0.99339706 0.37469530 0.50501382
0.53517056 -0.33174306 0.21482670
-0.88367546 -0.49667710 -0.58103138
-0.97425115 -0.00118508 0.43462357
-0.60987830 -0.35106590 0.31851426
-0.59728396 -0.37228644 -1.26595592
0.64920956 -0.35796687 -0.54600883
-0.49773702 -0.49667710 -0.20748015
-0.66819173 -0.35900202 -0.35416093
0.41233268 0.51307762 0.56695032
0.84709579 0.78380388 0.72636336
-0.34833026 1.04983759 0.82056206
-0.57244033 -0.37038866 -0.89623463
0.09997605 -0.49667710 -1.04184580
-0.90869164 0.52639651 0.63527018
0.52326632 -0.49667710 -1.02925146
0.28673443 -0.49667710 -0.89226663
0.39887571 -0.37366667 -1.14139283
0.78481424 -0.49667710 -0.73043805
0.47357908 0.06592718 0.47240663
-0.12415125 -0.49667710 -0.45646831
-0.01171323 -0.35986465 -0.15639547
0.99391466 1.04811239 0.78847247
0.68526733 0.88283324 0.69789672
-0.87125379 -0.49667710 -1.07911134
0.93422103 -0.37194139 -1.26595592
0.23894501 -0.35900202 -0.43121061
0.22445288 -0.31914875 0.25398988
-0.74686313 -0.37366667 -1.10412729
0.57312602 -0.36607555 -0.85500115
-0.29864305 -0.35882953 -0.23237549
0.75997066 -0.49667710 -1.05426764
0.44856292 -0.49667710 -0.05810795
0.17459314 -0.37280402 -1.11654913
-0.07439503 0.28663847 0.54918027
0.48548329 -0.35900202 -0.13275953
0.19960926 -0.35900202 -0.13275953
-0.89471722 -0.36158991 -0.45646831
-0.11178122 -0.34813294 0.23363192
-0.39801750 -0.49667710 -1.09153306
0.59814215 -0.37194139 -1.26595592
-0.63472188 0.35721850 0.51191485
-0.64714366 0.08248958 0.41461071
-0.98977840 -0.49081117 0.24450101
0.01281294 -0.14507094 0.39580551
-0.58486211 -0.49667710 -1.36550283
0.31157807 -0.19096261 0.37958813
-0.41475242 -0.35900202 -0.00031206
0.69768912 -0.49667710 -0.40671206
0.83467400 -0.23668179 0.36337075
-0.84641016 -0.35917455 -0.03205666
0.97165900 0.59281862 0.57678425
0.00039113 -0.35900202 -0.38185120
-0.80897218 0.78915209 0.66477203
0.11243235 -0.36659315 -0.73043805
0.69768912 -0.49667710 -0.12032048
-0.98011708 -0.37815231 -0.31849998
0.01280259 -0.37245899 -1.34048665
-0.49773702 -0.49667710 -0.38181669
-0.98770821 -0.38177535 -0.84257942
0.42371932 -0.36780083 -0.71801639
0.08753699 -0.49667710 -0.24483180
0.63540757 -0.36728323 0.10372056
-0.74255002 -0.37159634 0.16841747
0.00037043 -0.49322650 0.25071192
0.62298578 0.33245596 0.56539756
-0.16152018 -0.36607555 -1.02925146
0.99287939 -0.43370536 -0.78029788
0.75997066 -0.37194139 -0.94212639
0.84709579 -0.49667710 -0.41916835
-0.65956551 -0.49667710 -0.10779516
0.63540757 -0.49667710 -1.19125259
-0.84641016 -0.49667710 -0.25728810
-0.80897218 -0.12764594 0.40201640
0.47357908 -0.49667710 0.11631490
0.71011090 0.46135458 0.61042660
-0.54759675 -0.36607555 0.06645515
-0.44787723 -0.37366667 -1.30322123
-0.78412861 -0.37245899 -1.25353420
-0.30468145 -0.40265086 -1.41657031
0.85175395 -0.36003721 -0.15196158
-0.37334642 -0.36607555 -0.78029788
0.62298578 -0.32915518 0.33179867
0.98287314 -0.49667710 -0.28219730
-0.80897218 -0.36780083 -0.71801639
-0.29847053 -0.49667710 -0.85500115
0.29915625 -0.37332162 -1.00440788
-0.17390749 -0.36642060 -0.68075091
0.88453376 -0.10797807 0.40891737
-0.42303362 -0.30241382 0.34076998
-0.21134542 -0.49667710 -0.20748015
0.36143780 -0.49667710 -1.27837777
-0.53500241 -0.49667710 -0.79271966
0.11243235 0.33205745 0.56643277
-0.27362695 -0.49667710 -0.48148441
0.84709579 -0.49667710 -0.87984473
0.78481424 -0.37194139 -1.17865813
0.74754882 -0.45820397 0.27797088
-0.17390749 -0.49667710 -1.14139283
-0.12415125 -0.49667710 -0.74285984
-0.07434327 -0.49667710 0.12873667
0.10827449 -0.38005009 0.19705661
-0.84520245 -0.39523229 -1.41501760
0.23687470 -0.49667710 -0.00824819
0.44856292 -0.49667710 -0.60587502
-0.67198730 -0.49667710 -0.86742294
-0.48428005 0.33853403 0.50518644
0.61781001 -0.38281047 -1.41363740
0.08751974 0.06661729 0.47068128
-0.36075208 -0.45820397 0.27745333
-0.98960602 -0.49219143 -0.00410759
0.85951757 0.24104013 0.53244537
0.34884349 -0.36003721 -0.04810148
-0.72184706 -0.49667710 -0.56860960
-0.57244033 -0.49667710 -0.61846930
-0.03699160 -0.49667710 -1.40294087
-0.99288386 -0.48356518 -1.22851789
0.88453376 -0.34071437 0.23380448
-0.91231465 0.29818043 0.47257909
-0.02453529 -0.22546764 0.28711474
0.39887571 -0.49667710 -0.44406372
-0.02453529 -0.49667710 -0.59345323
-0.52258056 -0.49667710 0.15358032
-0.43545547 -0.37194139 -1.04184580
-0.17390749 -0.49667710 -1.31564307
-0.22376718 1.08365250 0.76897717
0.03308808 -0.38160279 -0.90486097
0.63540757 -0.49667710 -0.75545424
0.32520753 0.01917289 0.45584413
-0.14801146 1.20838809 0.76155859
-0.85883188 -0.28205585 0.26710179
0.99029166 -0.49219143 -0.03309181
0.66025114 0.58143204 0.65286779
0.46115726 -0.37194139 -1.26595592
0.89695555 0.64388615 0.67684871
0.19960926 -0.49667710 -0.74285984
0.38645393 -0.49667710 -0.25728810
0.07842766 -0.35934708 -0.02946877
0.38058808 -0.35900202 -0.43999213
0.39887571 -0.49667710 -0.97956425
0.94491756 0.06713485 0.46964622
0.98080271 -0.37849736 -0.99198604
0.71011090 0.02072562 0.45446396
0.36143780 -0.37625453 0.18843035
-0.65956551 -0.36676565 -0.66815656
-0.83398831 -0.49667710 -0.94212639
0.47357908 -0.23633671 0.28331918
0.06262437 -0.37245899 -1.19125259
0.17424807 1.21977472 0.77639574
-0.94595706 -0.37332162 -1.30322123
0.44856292 0.20001365 0.45618924
-0.35316098 -0.36089981 -0.41261241
0.99322456 -0.38798621 0.17859645
-0.85883188 1.21080351 0.79640859
0.54414183 -0.36762828 -0.65935779
-0.53517491 0.09284107 0.47999766
-0.04944791 -0.49667710 -1.10395479
0.79723603 -0.36607555 0.14115849
-0.54431874 -0.38229293 -1.41001427
-0.16150294 -0.35986465 -0.50546545
0.38645393 0.39432859 0.52502674
-0.87194383 -0.36918098 -0.15744787
0.21203107 0.11181885 0.48862392
0.22445288 -0.49667710 -1.29079938
0.47357908 -0.49667710 -1.34065926
-0.36092460 -0.35900202 -0.12030321
-0.98218739 -0.49667710 -0.26973578
0.69820666 -0.19424061 0.31195828
-0.01208588 -0.49667710 0.01659540
-0.36075208 0.79243010 0.72946888
0.09997605 -0.05346015 0.42824018
-0.21134542 0.85557431 0.75172466
0.99391466 -0.40886176 -0.55618781
-0.72184706 0.50657338 0.62819666
0.62643623 -0.35865697 -0.08260650
0.95337123 -0.38384563 -1.41588020
-0.85883188 -0.36728323 -0.84257942
-0.08679958 -0.49667710 -0.14521584
-0.36075208 -0.49667710 -0.00824819
0.31226814 -0.35882953 -0.19597273
-0.10700226 -0.35900202 -0.31453192
0.14978403 -0.37366667 -1.35273612
-0.99202132 -0.38833126 -0.56860960
-0.89626980 -0.21908423 0.36975423
0.16224033 -0.49667710 -0.92970455
-0.26120514 -0.23668179 0.36337075
-0.57244033 -0.35900202 -0.25730535
0.52378386 -0.35986465 -0.28368792
0.98287314 -0.12505805 0.32282740
-0.64714366 -0.16491133 0.38890448
-0.16150294 -0.37470180 0.12166316
-0.70942521 -0.49667710 0.10389309
0.18718746 -0.49667710 -0.15767215
-0.17390749 -0.49667710 -0.86742294
-0.19892363 -0.49667710 -0.33200872
0.25050417 -0.08468717 0.35543463
-0.70942521 -0.05346015 0.42824018
-0.92525399 -0.38039514 0.19671154
-0.98736310 -0.38229293 -1.05426764
-0.97097325 -0.49667710 -0.78029788
0.09952748 -0.35813943 -0.54773408
-0.54759675 -0.49667710 -1.02925146
0.84709579 -0.49667710 0.04161155
-0.63472188 -0.37194139 -1.00440788
-0.73426884 -0.35106590 0.31851426
0.00037215 0.40300664 0.52813220
0.13734497 -0.30241382 0.34076998
0.75997066 -0.35900202 -0.60587502
-0.52258056 0.56348944 0.64838207
-0.29795298 0.42519334 0.59886742
0.80983037 -0.49667710 -1.36550283
-0.90869164 0.09284107 0.47999766
0.00036698 -0.49667710 -0.73043805
0.63540757 -0.49667710 -0.26974270
0.47357908 -0.41421005 0.28573450
0.78343409 -0.36883596 -0.28188500
-0.29847053 0.00347310 0.44842556
0.73495448 -0.37194139 -1.29079938
0.61056399 -0.49667710 -0.63089114
-0.96993810 -0.37435672 -0.03205666
-0.28604871 -0.36780083 -1.05426764
0.49842271 -0.37366667 -1.06668949
-0.60987830 1.09624684 0.83505422
-0.45926389 -0.09331342 0.35232916
0.89712811 -0.36158991 -0.44387397
0.17476565 0.84694803 0.74879169
-0.63903499 -0.35831192 -0.53876275
-0.67198730 0.61455685 0.60300803
-0.73426884 0.29552352 0.55176806
0.95992726 -0.37142384 -0.66401601
-0.58486211 0.90922976 0.70721316
-0.22376718 0.96702552 0.79123288
0.44856292 0.77155465 0.65856111
-0.60970575 -0.49667710 -1.16623628
0.85951757 0.35242572 0.57195359
0.39887571 -0.49667710 -0.85500115
0.19960926 -0.49667710 0.10389309
0.36143780 0.25782681 0.54020894
0.12488867 -0.49667710 -0.35690409
-0.58486211 -0.37452927 0.17790632
-0.73737431 -0.35900202 -0.44948104
-0.45805624 -0.35900202 -0.60397720
0.25240195 -0.38350061 -1.40966928
-0.68458164 0.18655670 0.51312250
0.74754882 0.22849752 0.46636820
0.32417238 -0.36918098 -0.64538330
0.85951757 -0.49667710 -1.11654913
0.54828244 -0.49667710 -0.86742294
0.11243235 -0.49667710 0.00417359
0.17476565 0.43142152 0.53813863
0.28569928 1.11194658 0.77691329
-0.31089234 -0.37366667 -1.30322123
0.34901598 0.60593057 0.59990263
0.03771175 0.78035343 0.66166657
-0.52258056 1.05742872 0.75966084
-0.95837891 -0.49667710 0.11631490
0.61039144 0.93890405 0.78053629
-0.41061181 1.20580029 0.79399323
0.12487142 0.59713179 0.59679717
-0.33590850 0.29402253 0.48948658
-0.74669063 1.01343477 0.80589753
0.59814215 0.74326056 0.64855462
-0.70942521 0.72704321 0.70635056
-0.19892363 -0.33674631 0.32731307
-0.57244033 0.77517766 0.72325796
-0.18632929 0.40300664 0.52813220
-0.98960602 0.50310564 0.54710996
-0.14906387 0.03815063 0.46067485
-0.56001854 -0.36020970 -0.39296180
0.87193948 -0.49667710 -0.56860960
0.59814215 -0.37194139 -0.96697003
-0.02453529 -0.49667710 -0.84257942
-0.19875109 -0.35900202 -0.02067000
-0.06268057 -0.37901491 -0.97231823
0.16224033 -0.49667710 -0.48148441
0.93422103 -0.37194139 -1.14139283
0.89695555 0.88404089 0.76190358
-0.69700342 -0.49667710 -1.31564307
-0.02348289 0.11820228 0.42720503
-0.46029904 -0.36780083 -0.85500115
0.97045130 -0.37452927 -0.04568614
-0.82139397 -0.36780083 0.07887695
0.89695555 -0.49667710 -0.20748015
-0.88402057 0.44898456 0.54331434
-0.53500241 -0.48356518 0.26589414
0.84709579 0.01209937 0.45135847
-0.98218739 -0.49667710 -1.10395479
0.66042370 -0.37935996 0.21379153
0.55587357 -0.35900202 0.01504268
0.58658296 1.20994079 0.79537344
-0.38456059 0.72462779 0.64182615
0.98287314 -0.49667710 -1.05426764
0.31175059 -0.24496298 0.28021371
-0.89437205 -0.36538544 -0.64400303
0.66025114 -0.49667710 0.15358032
0.64782935 -0.49667710 -1.04184580
-0.36075208 0.53502280 0.63837564
-0.60970575 -0.49667710 0.00417359
0.41129750 -0.36780083 -0.82998508
-0.03699160 -0.36693814 0.15150999
-0.27362695 -0.35900202 -0.49390623
-0.01215489 0.94977301 0.78450441
0.34901598 -0.37418422 -1.35273612
-0.91248727 0.75775266 0.63509774
0.46115726 1.21063089 0.79916900
-0.74669063 -0.48356518 0.26589414
-0.23618899 -0.49667710 -0.74285984
-0.31089234 -0.49667710 -0.60587502
0.06186526 -0.36900848 0.08957350
-0.19892363 -0.49667710 0.12873667
-0.12313336 -0.10211222 0.34939629
-0.14906387 0.68011636 0.62612635
0.71011090 -0.36607555 -0.84257942
-0.01210486 0.50657338 0.62819666
0.26275343 -0.37452927 0.12045550
-0.38559571 -0.49667710 -0.40671206
0.87245703 1.20545518 0.79364824
-0.87125379 0.34152386 0.56815797
-0.92111343 -0.49667710 -0.12032048
-0.27362695 -0.12764594 0.40201640
-0.95837891 0.61024368 0.58282256
0.79723603 0.44874299 0.54434949
0.44856292 -0.19113515 0.38045076
0.50118309 -0.35917455 -0.46854508
-0.62437040 -0.35831192 -0.08674709
0.43614116 0.90163857 0.76811451
0.63540757 0.26560768 0.47948012
0.48600090 0.39817595 0.58799839
0.31157807 0.92113400 0.77501547
-0.22376718 0.21981953 0.46326271
-0.06190421 0.87196428 0.69410133
-0.74565548 0.12682852 0.43031046
-0.03699160 0.21981953 0.46326271
-0.05462366 -0.36814582 -0.65176666
0.29915625 0.50657338 0.62819666
0.07996314 -0.36987111 -1.06289387
-0.36903331 -0.37159634 0.16841747
-0.39819005 0.99204165 0.73654246
-0.98218739 -0.49667710 -0.63089114
0.95544153 0.80105639 0.72532827
0.55328566 -0.48149484 -1.41173947
-0.88367546 0.66372651 0.68392229
0.93422103 0.28724229 0.46861106
0.61039144 1.08727551 0.83298391
-0.49773702 -0.37194139 -1.19125259
0.25378215 -0.35900202 -0.32505596
0.09921694 -0.35986465 -0.17019747
0.23687470 -0.49667710 -0.61846930
-0.43545547 -0.49667710 -0.65573478
0.39887571 -0.49667710 -1.14139283
-0.78412861 -0.49667710 -0.65573478
0.18718746 -0.49667710 -1.10395479
-0.68458164 -0.49667710 -0.38181669
-0.04946516 -0.37314907 -1.25353420
-0.90731144 -0.04448885 0.35232916
0.56070429 0.09974209 0.42082161
0.31157807 0.76413608 0.71946245
0.28673443 0.68891507 0.62923181
0.90937740 -0.21649633 0.29022020
0.19960926 -0.36780083 -0.85500115
-0.44563442 -0.35865697 -0.21884952
-0.62230009 -0.36607555 -0.76787603
0.27431265 -0.37314907 -1.15381467
-0.65853035 0.42546940 0.59869486
-0.28604871 -0.49667710 -1.09153306
-0.46029904 -0.49667710 -0.08295154
0.73495448 -0.49667710 0.04161155
0.51084447 0.51545846 0.63147467
-0.38559571 -0.05346015 0.42824018
0.83467400 -0.36607555 -0.68075091
-0.19892363 1.18337202 0.85109901
-0.27362695 0.81761885 0.67477846
0.13732772 1.01291716 0.80745029
0.72253269 1.09624684 0.83505422
0.43614116 0.58954066 0.65769845
-0.13660757 -0.49667710 -1.04184580
0.74754882 -0.49667710 -1.16623628
0.28673443 -0.49667710 -1.20367444
-0.90869164 -0.49667710 -0.86742294
-0.28604871 -0.49667710 0.06645515
-0.09925589 -0.46872804 0.27503797
-0.72288221 1.11194658 0.77691329
0.88453376 -0.49667710 0.14115849
0.95009321 -0.36952606 -0.85172325
0.98339057 -0.38505331 0.29160035
0.25360963 1.19665647 0.84126514
-0.03699160 0.67235273 0.68702775
0.02527270 1.09555674 0.83677948
-0.08678233 -0.35951957 -0.07449782
-0.56001854 1.17077780 0.78122640
0.90937740 -0.49667710 -0.78029788
0.34867096 -0.35882953 -0.54428357
0.08753699 -0.49667710 -1.31564307
0.92179918 0.16961475 0.42686003
-0.87125379 0.99531972 0.80123937
-0.43545547 -0.49667710 0.21586187
0.62298578 -0.09952433 0.41254044
-0.91162455 0.95029062 0.70410764
-0.99202132 -0.38833126 -0.43160746
-0.93871105 1.10694349 0.83988488
-0.18167111 -0.38229293 -0.92159587
0.89781821 1.06967795 0.75638282
-0.26534575 -0.38212037 -0.73561382
-0.19892363 -0.24496298 0.28021371
0.46115726 1.05742872 0.75966084
0.08615679 -0.35900202 -0.44565099
-0.82156652 0.84694803 0.74879169
-0.89609730 -0.49667710 -1.17865813
-0.88367546 0.18655670 0.51312250
0.32417238 -0.37314907 -0.90503347
0.05016806 -0.36555800 -0.63710207
-0.13983378 -0.48822331 -1.41173947
0.82225221 0.69754136 0.63233727
-0.39801750 -0.20856020 0.29315308
0.11243235 1.17267549 0.85178912
0.78481424 0.85471171 0.68789041
0.14978403 0.18269214 0.45015082
0.75979811 0.99566466 0.80020410
-0.04944791 1.05742872 0.75966084
0.68630242 0.11820228 0.42720503
0.43614116 0.01693005 0.39149240
0.12487142 -0.39505979 0.30074421
-0.54759675 0.36974382 0.57799190
0.17476565 0.68011636 0.62612635
-0.82139397 0.47834828 0.61836278
-0.34833026 -0.49667710 -1.37792468
-0.53500241 -0.14507094 0.39580551
-0.51015878 0.67131758 0.62302089
-0.01206345 -0.35900202 -0.25732261
-0.49773702 -0.29068208 0.26399633
0.44856292 -0.49667710 -0.17012846
-0.37317389 -0.49667710 -0.94212639
0.83467400 -0.37194139 -1.30322123
0.03772901 -0.49667710 -1.15381467
0.06262437 -0.49667710 -0.94212639
-0.47289339 0.17375533 0.44687292
0.23687470 -0.36728323 -0.70559448
0.57312602 -0.49667710 -1.29079938
0.38645393 -0.49667710 -1.39051902
0.57312602 -0.37194139 -1.14139283
-0.58486211 -0.49667710 -0.91728276
-0.77170676 -0.49667710 -1.11654913
-0.52258056 -0.37194139 -0.99198604
-0.43545547 -0.49667710 -1.31564307
-0.58486211 -0.49667710 -0.33200872
-0.89609730 -0.49667710 -0.34444776
-0.43545547 -0.49667710 -0.80514145
-0.41061181 0.87196428 0.69410133
-0.26120514 -0.40851673 0.29211789
-0.51015878 -0.38384563 0.30177933
0.51084447 -0.31121257 0.33818212
-0.05992017 -0.38212037 -0.86811304
0.36143780 -0.37194139 -1.25353420
-0.67198730 -0.25617710 0.35646978
-0.54759675 0.03642541 0.39839333
0.99029166 -0.49219143 -1.26595592
0.93370342 1.12454093 0.84626836
0.33659419 -0.49667710 -0.00824819
-0.18650182 0.77155465 0.65856111
-0.06188696 -0.49667710 -0.36936039
0.07508068 -0.26256049 0.27400279
0.63540757 0.80191904 0.73102164
-0.84641016 -0.37366667 -1.10412729
-0.51015878 -0.49667710 -0.53117168
0.33659419 -0.03776039 0.37199706
0.79706359 -0.35986465 -0.50529289
-0.89609730 -0.49667710 -0.68057835
0.88436115 -0.32950023 0.33231628
-0.73426884 -0.35934708 -0.26927513
-0.38559571 -0.36659315 -0.68075091
-0.11662917 -0.36072725 -0.41297472
0.04725239 -0.37176889 -0.80514145
-0.34833026 0.08386978 0.47689220
-0.05358851 1.19182575 0.84695846
0.09997605 -0.48373759 0.26589414
-0.51015878 0.45966387 0.54814506
-0.74703574 -0.35986465 -0.06052329
-0.68458164 0.93045014 0.77639574
-0.83398831 -0.49667710 0.20344007
0.19960926 0.53174484 0.57367879
0.81086552 -0.38505331 0.29194540
-0.90869164 -0.36486787 0.30781773
-0.44787723 -0.36607555 0.09129876
0.28673443 -0.43405047 0.27883348
0.54828244 -0.49667710 -0.04568614
-0.09846228 -0.37763473 -1.15381467
-0.43545547 -0.49667710 -0.30709609
0.18718746 -0.37228644 -1.21609616
-0.24861081 -0.49667710 -1.37792468
-0.67215985 -0.37194139 -1.16623628
0.75997066 -0.49667710 -0.83015764
0.54931754 -0.10211222 0.34939629
-0.04944791 -0.30241382 0.34076998
-0.43010718 -0.35900202 -0.47648117
0.17476565 -0.11884715 0.40512183
0.28673443 -0.34433737 0.32369003
0.90937740 -0.49667710 -0.99198604
-0.90713900 -0.36383271 -0.25728810
-0.67198730 -0.31052247 0.25709531
0.98287314 -0.49667710 -0.51874983
0.28673443 0.31474280 0.56039441
-0.74669063 0.87196428 0.69410133
0.08857214 0.93631607 0.71670204
0.52326632 0.19525197 0.51622796
0.06262437 0.29402253 0.48948658
0.14978403 0.74653846 0.71325159
0.58554786 -0.26256049 0.27400279
-0.98995095 -0.22046441 0.34991384
-0.98615539 0.27281922 0.52778715
-0.16150294 0.29402253 0.48948658
0.51084447 -0.01671231 0.44221473
-0.09923864 0.53174484 0.57367879
0.68043661 -0.36089981 -0.41259518
0.99356961 0.43823627 0.57609415
0.47357908 -0.36607555 0.15116493
-0.48531520 -0.49667710 -1.12897098
0.67457080 -0.35951957 -0.30707887
-0.97097325 0.10405522 0.40374163
0.24946903 -0.49667710 -0.97956425
0.61056399 -0.49667710 -0.95454818
0.27431265 -0.49667710 -0.23239273
-0.21031028 -0.35900202 -0.59345323
0.57312602 -0.36607555 -0.75545424
-0.57244033 -0.49667710 -0.14521584
-0.29847053 0.19525197 0.51622796
0.59814215 -0.49667710 -0.35690409
0.93422103 -0.49667710 -0.12032048
-0.28604871 -0.49667710 -1.19125259
-0.89609730 -0.36780083 -0.75528163
-0.57244033 0.98669344 0.79813391
0.75997066 -0.17353761 0.38579902
-0.33590850 0.38542634 0.52192134
0.71011090 0.36974382 0.57799190
0.83467400 -0.49322650 0.25071192
0.26189086 0.89180464 0.70100224
-0.92111343 -0.12764594 0.40201640
-0.78412861 -0.25617710 0.35646978
0.77963853 1.20976830 0.80486238
-0.83536851 -0.48822331 -1.41139460
0.58554786 0.87196428 0.69410133
-0.23618899 -0.37383920 0.17790632
0.66025114 0.53174484 0.57367879
-0.80897218 -0.02896159 0.37527502
-0.64714366 0.78035343 0.66166657
0.02527270 -0.05742824 0.36509606
-0.18650182 0.50657338 0.62819666
0.84709579 0.53174484 0.57367879
0.71011090 -0.38091269 -1.40138805
0.74737632 0.64457619 0.67529601
-0.56933486 -0.36814582 -0.64572829
0.83467400 -0.13799742 0.33662942
-0.82139397 -0.17526284 0.32334498
0.71011090 0.26731569 0.54176170
-0.30985722 0.60800093 0.66425449
-0.70839006 -0.10211222 0.34939629
0.11552055 1.12730134 0.77139246
0.98891145 -0.38194785 -0.33616656
-0.12311611 0.81968910 0.73913032
-0.09925589 0.37452278 0.51795322
-0.49773702 0.23236209 0.52933991
0.89695555 -0.37194139 -0.95454818
-0.03697434 -0.38729614 -1.41639769
-0.83398831 -0.37452927 0.17790632
-0.98788065 1.11781240 0.76293874
-0.34833026 -0.35020322 0.31765166
0.71062851 -0.36504042 0.05144547
-0.28604871 1.11315429 0.84299040
-0.28604871 1.02033579 0.74654889
-0.17287233 0.12682852 0.43031046
-0.73426884 1.17250288 0.85127163
-0.34263697 -0.35900202 -0.31237537
-0.62230009 -0.43405047 0.27745333
-0.69131011 -0.48114985 -1.41122198
-0.14861533 1.03224003 0.81348860
0.84709579 -0.35986465 -0.06086835
-0.54587144 -0.35900202 -0.03084899
-0.19564565 -0.36003721 -0.29425678
0.56173933 0.32116076 0.49914792
-0.29847053 -0.35900202 -0.02067000
-0.21134542 -0.13799742 0.33662942
-0.44787723 0.50657338 0.62819666
0.44856292 -0.49667710 0.21586187
0.28673443 -0.49667710 -0.76787603
0.31157807 0.22849752 0.46636820
-0.69700342 -0.37228644 -1.27837777
-0.80897218 -0.49667710 -1.22851789
0.34901598 -0.49667710 -0.59345323
0.77239245 -0.49667710 -0.48148441
0.91282797 0.44437811 0.52433664
0.46823078 -0.36383271 -0.03688737
-0.99322897 0.78656435 0.66408187
0.19960926 -0.37625453 0.18843035
0.82225221 -0.26256049 0.27400279
-0.52258056 0.86454570 0.75500256
0.06365952 0.40519771 0.59248406
0.90851474 -0.36642060 0.15064737
-0.42820939 1.11936522 0.77484298
0.24946903 0.98669344 0.79813391
0.36247295 0.43354359 0.60249043
0.78481424 1.07502627 0.76587176
-0.10522526 -0.35865697 -0.19065894
0.37385958 -0.37366667 -1.05426764
0.88453376 -0.49667710 -0.69317269
-0.43545547 -0.49667710 0.09129876
0.53586066 -0.49667710 -0.69317269
0.42371932 -0.49667710 0.04161155
0.34901598 -0.49667710 -0.36936039
-0.63472188 -0.49667710 -1.05426764
0.71011090 -0.37194139 -1.01682973
0.80983037 -0.49667710 -0.97956425
0.71011090 -0.49667710 -0.68057835
0.89695555 -0.49667710 -1.29079938
-0.83398831 -0.37245899 -1.32823753
-0.18684687 -0.37746218 -1.12810838
-0.12073527 -0.38229293 -0.79979318
-0.28604871 -0.49667710 -0.05810795
-0.74669063 -0.49667710 -0.20748015
-0.77170676 -0.49667710 -0.30709609
-0.43545547 -0.38125777 -1.40138805
-0.12416851 -0.37366667 -1.30322123
-0.59728396 -0.49667710 0.10389309
0.75997066 -0.36607555 -0.73043805
0.46115726 0.86333799 0.69099587
-0.99322897 0.91112751 0.73878521
0.89195228 0.75136918 0.64855462
-0.83398831 0.55986637 0.58351272
0.69768912 -0.28240088 0.34715346
0.10101119 -0.10211222 0.34939629
0.06502246 -0.35900202 -0.32025975
0.54845494 -0.35882953 -0.19604172
-0.72184706 0.03642541 0.39839333
0.16325822 0.23068859 0.53072006
0.77239245 -0.04466138 0.43151823
0.99287939 -0.43370536 0.04161155
0.63540757 0.41573900 0.59438169
0.88453376 0.96702552 0.79123288
-0.03699160 1.14455378 0.77191007
0.90937740 0.54364902 0.64148104
0.48600090 0.70081937 0.69703418
0.92179918 -0.19958885 0.37648267
0.21203107 -0.23633671 0.28331918
0.92179918 0.86765110 0.67391586
0.88453376 -0.01999029 0.37769035
-0.44615200 -0.37021616 -0.94247133
0.82225221 -0.36642060 -0.87932724
-0.62230009 -0.21649633 0.29022020
-0.09927314 -0.03361977 0.43531367
0.98891145 -0.38194785 -0.23655058
-0.73426884 -0.37194139 -1.01682973
-0.39801750 -0.49667710 -1.21609616
-0.37317389 0.48592216 0.55746144
0.74754882 -0.49667710 -1.30322123
0.67284554 -0.49667710 -0.03309181
-0.78412861 -0.49667710 -0.84257942
0.49842271 -0.49667710 -0.45646831
0.53586066 -0.37194139 -1.32823753
0.61056399 -0.49667710 -0.44406372
-0.11169495 -0.49667710 -0.58103138
-0.34833026 -0.49667710 -0.21993645
-0.94595706 -0.49667710 -1.32823753
0.85951757 0.15805556 0.50311607
0.09997605 -0.49667710 -0.70559448
0.49842271 -0.49667710 -1.11654913
0.37385958 -0.49667710 -0.75545424
-0.82139397 -0.49667710 -0.51874983
-0.16150294 -0.49667710 -1.22851789
0.22445288 0.35721850 0.51191485
0.22445288 -0.49667710 -0.83015764
-0.91231465 1.03344762 0.73274684
0.01335984 -0.36866346 0.22655840
0.74754882 0.12096268 0.49000412
-0.53500241 -0.29326996 0.34335786
0.02527270 0.60593057 0.59990263
0.05018532 -0.39643994 -1.41657031
-0.58486211 0.60593057 0.59990263
0.99046409 -0.49201885 0.19101825
0.99374211 0.64992446 0.65079743
-0.92111343 -0.49667710 -1.00440788
-0.12397873 -0.36003721 0.02694690
0.46115726 -0.35865697 -0.34443054
0.61021894 0.66407150 0.68305957
-0.80897218 0.12096268 0.49000412
-0.88522822 0.85557431 0.68547499
-0.37317389 0.17375533 0.44687292
-0.92111343 -0.49667710 -0.20748015
-0.21134542 -0.49667710 -0.12032048
0.94336474 -0.36642060 -0.75545424
0.72253269 0.80191904 0.73102164
0.22445288 -0.19096261 0.37958813
-0.22376718 -0.37366667 -1.30322123
0.27431265 0.15426001 0.44014448
0.14633352 -0.38108525 0.10561835
0.66025114 -0.49546942 0.24036038
-0.83398831 -0.35969213 -0.51840478
0.57312602 1.02913463 0.74965435
0.71011090 -0.37366667 0.30315956
0.68526733 -0.02896159 0.37527502
-0.32331416 -0.04880197 0.36820146
-0.67198730 0.69754136 0.63233727
-0.02455254 0.76413608 0.71946245
-0.80897218 1.04655957 0.75586528
-0.78878671 -0.37194139 -0.93436271
0.81052047 -0.36262503 0.03954124
0.35074124 -0.31880373 0.25209212
0.44252458 -0.32466954 0.22017498
0.99339706 -0.39695758 -1.34065926
0.62298578 -0.42231876 0.28159386
0.55552846 1.11936522 0.77484298
0.09997605 0.02555632 0.39442527
-0.99322897 -0.40886176 -0.92970455
-0.79655039 0.68115151 0.68996066
0.48600090 -0.09986938 0.41357553
0.16224033 -0.36020970 -0.39296180
0.32417238 1.13575506 0.84971881
0.64782935 1.15352511 0.77518809
-0.47289339 -0.23668179 0.36337075
0.08753699 -0.23668179 0.36337075
0.68526733 0.67131758 0.62302089
0.16180903 -0.36038226 -0.04810148
0.99287939 -0.40886176 -1.09153306
0.77239245 0.03642541 0.39839333
-0.63472188 -0.37556446 -1.36498535
-0.72184706 0.62663358 0.67081034
-0.99322897 -0.44612721 -0.36934313
-0.87125379 0.02555632 0.39442527
0.37385958 -0.24530803 0.36026531
0.41440296 1.12730134 0.77139246
-0.80948973 -0.36038226 -0.40503857
0.91231030 0.06661729 0.39149240
-0.38559571 -0.29965341 0.26089090
0.63540757 -0.36555800 -0.63710207
0.21272115 -0.45785889 -1.41622519
-0.17390749 0.59713179 0.59679717
0.01280949 0.02935186 0.45756939
0.54828244 -0.49667710 0.17859645
-0.19892363 -0.33398592 0.24243072
0.23273410 -0.35900202 -0.22447382
0.92179918 0.29552352 0.55176806
-0.64714366 0.54364902 0.64148104
-0.06190421 -0.18216386 0.38269359
0.01280949 0.30385649 0.55659884
-0.26086009 -0.38212037 -0.94902736
0.03771175 0.17375533 0.44687292
0.72253269 -0.49667710 -0.96714252
0.21203107 -0.49667710 -0.40671206
-0.51015878 -0.49667710 -0.69317269
0.69768912 -0.37194139 -1.16623628
0.77239245 -0.49667710 -0.15767215
-0.54759675 -0.49667710 -1.29079938
-0.77170676 -0.49667710 -0.02067000
0.58554786 -0.37194139 -1.05426764
-0.19892363 -0.49667710 -0.51874983
0.78481424 0.90163857 0.76811451
-0.03699160 -0.41421005 0.28573450
-0.42303362 0.28513750 0.48638111
-0.62230009 -0.36659315 0.10389309
0.94526255 -0.03310221 0.43393359
-0.03699160 0.47722691 0.55435592
0.22445288 -0.04466138 0.43151823
-0.59728396 0.14942931 0.50001061
-0.57244033 -0.21908423 0.36975423
0.94664282 -0.49667710 -0.35690409
-0.37317389 1.12436843 0.84695846
-0.32227904 -0.18613192 0.31799671
-0.53500241 -0.37366667 -1.32823753
-0.49773702 -0.07088520 0.42202929
0.62298578 0.02917933 0.45808706
-0.23618899 0.03642541 0.39839333
-0.57244033 0.29552352 0.55176806
0.54828244 0.40300664 0.52813220
0.74737632 0.53554034 0.63665038
0.59814215 -0.35900202 -0.48148441
-0.43545547 0.73791224 0.71014613
0.33659419 0.09111585 0.41771615
-0.80897218 1.13523757 0.77001232
-0.11167771 -0.35900202 -0.59345323
0.60331792 -0.35934708 -0.26408559
0.06262437 -0.36659315 -0.97956425
-0.90455103 1.10935879 0.76190358
0.91231030 0.36112964 0.49552491
-0.98891592 -0.04604158 0.35129398
0.11241510 0.52639651 0.63527018
-0.68458164 0.10371016 0.48379320
0.67284554 -0.27342960 0.27020726
0.92179918 0.67338783 0.60525084
0.42475450 0.12682852 0.43031046
-0.42303362 -0.40834421 0.29211789
-0.93215507 0.59971964 0.66063148
-0.47013301 -0.36089981 -0.40434849
-0.83398831 0.30270058 0.49259201
-0.30054086 -0.38332805 -0.86190218
0.98287314 -0.49667710 -0.73043805
-0.99322897 -0.44612721 -0.07052974
0.99305201 -0.44612721 -0.86742294
-0.41061181 0.65285742 0.68012667
-0.39819005 0.90163857 0.76811451
0.03876416 -0.18613192 0.31799671
-0.59486854 -0.35969213 -0.18001415
0.36143780 -0.14903906 0.33266136
-0.65956551 0.25843063 0.53865623
-0.14908113 0.33263713 0.56488001
0.69768912 0.18657395 0.51312250
-0.12415125 0.21093448 0.46015728
-0.24878334 -0.37194139 -1.17865813
0.51187962 1.02257872 0.81090069
0.12488867 -0.49667710 0.19101825
0.26206338 -0.35848448 -0.08295154
-0.07432602 0.90198356 0.76707941
-0.36075208 -0.36607555 -1.00440788
0.68526733 0.97220135 0.72964138
-0.22376718 -0.49667710 -0.41916835
0.52343881 -0.37194139 -1.21609616
-0.93353528 -0.49667710 -0.51874983
0.72253269 -0.49667710 -1.39051902
-0.62230009 -0.49667710 -0.55618781
0.48600090 -0.49667710 -0.91728276
-0.74669063 -0.36780083 -0.76787603
0.79723603 -0.49667710 -0.35690409
-0.26120514 -0.49667710 -0.26974270
0.61056399 -0.49667710 -0.13277678
-0.06188696 -0.49667710 -0.51874983
-0.02453529 -0.49667710 -0.19502382
-0.12415125 -0.49667710 -0.21993645
0.00036698 -0.49667710 -0.31955239
-0.19892363 0.47722691 0.55435592
-0.90869164 -0.29326996 0.34335786
0.90937740 -0.49667710 -0.46889013
0.39059451 -0.40023553 -1.41553509
0.52326632 0.87541467 0.75879818
0.18718746 -0.49667710 -0.07052974
-0.63472188 -0.49667710 -1.26595592
0.80983037 -0.49667710 -0.61846930
-0.38576823 -0.37194139 -1.10412729
-0.22376718 0.12993398 0.49310958
-0.99322897 -0.42128357 0.19101825
0.47357908 -0.36711070 -0.87932724
0.24860641 -0.35969213 -0.53048152
-0.04946516 0.36917448 0.57971716
0.14978403 0.92976016 0.77812099
0.29915625 0.46854889 0.55125052
0.94664282 -0.29965341 0.26089090
-0.82139397 0.09111585 0.41771615
0.77360016 -0.36866346 -0.20332229
-0.75928497 -0.27342960 0.27020726
0.74754882 1.14455378 0.77191007
-0.57140517 0.72462779 0.64182615
-0.28604871 0.50657338 0.62819666
0.52326632 -0.49667710 0.02918974
0.39887571 0.95494884 0.72343045
-0.99202132 -0.38833126 -1.24093974
-0.74669063 0.56883770 0.58679074
0.56070429 -0.36659315 0.12873667
0.88453376 -0.49667710 -1.39051902
-0.77170676 -0.49667710 -1.34065926
-0.68458164 -0.49667710 -0.03309181
-0.26120514 -0.49667710 -0.66815656
-0.73426884 0.36965755 0.57833701
-0.09925589 -0.49667710 0.05403336
-0.56001854 -0.49667710 -0.25728810
-0.09925589 -0.49667710 -0.66815656
-0.06188696 -0.49667710 -0.07052974
0.16329272 0.10957601 0.42427215
0.47357908 -0.49667710 -0.26974270
-0.92111343 -0.49667710 -1.40294087
0.37385958 -0.49667710 -0.51874983
0.72253269 -0.49667710 -0.33200872
-0.74669063 -0.49667710 -0.49390623
0.57312602 -0.49667710 -1.14139283
0.68526733 -0.37194139 -0.91728276
0.99391466 0.97358149 0.76328385
-0.27362695 -0.49667710 0.21586187
0.99305201 0.52536136 0.61094421
-0.17390749 1.00946677 0.74275333
-0.92111343 0.68425697 0.60904646
-0.62230009 1.18388963 0.85075402
0.13732772 0.83487135 0.68098938
-0.65956551 0.00347310 0.44842556
0.94336474 -0.36642060 -0.13277678
-0.93353528 0.38126847 0.50190842
-0.69700342 0.47722691 0.55435592
-0.16152018 0.88283324 0.69789672
-0.92111343 -0.38263798 -1.40121555
-0.08681683 -0.28205585 0.26710179
-0.90851909 -0.20821515 0.29332563
0.14978403 0.02072562 0.45446396
0.02525545 0.69754136 0.63233727
0.18718746 1.03793335 0.75275975
0.92179918 -0.49667710 0.00417359
0.31157807 0.84694803 0.74879169
-0.22376718 0.58074194 0.65459299
-0.34833026 0.97582436 0.79433835
-0.99322897 -0.45854896 -0.85500115
0.19960926 0.45209002 0.60904646
-0.34764019 -0.37349412 0.08974604
0.94336474 -0.36642060 -0.50632805
0.19960926 -0.37366667 0.30402216
0.34021720 -0.36003721 0.02918974
0.38645393 0.78380388 0.72636336
-0.90869164 0.73791224 0.71014613
-0.34833026 1.16215146 0.77812099
-0.99322897 -0.42128357 -1.15381467
-0.65283704 -0.35900202 -0.46233419
-0.64714366 -0.37194139 -0.91728276
0.54931754 -0.19406806 0.31126824
0.61056399 0.62318307 0.60611355
0.44856292 -0.26514840 0.35336432
-0.83398831 0.40683672 0.59110379
0.37385958 0.75205922 0.65166008
0.61039144 0.50684941 0.62750661
-0.92111343 0.92976016 0.77812099
0.39887571 -0.26256049 0.27400279
0.62298578 1.01326227 0.80641502
-0.07436053 -0.10797807 0.40891737
-0.92111343 0.39819318 0.58799839
-0.84641016 0.17375533 0.44687292
0.06262437 0.96702552 0.79123288
0.36143780 -0.49667710 0.19101825
0.14976677 -0.33450344 0.24346584
0.82225221 0.62663358 0.67081034
-0.44787723 1.01291716 0.80745029
0.09994154 0.14045800 0.49776784
0.57312602 0.21981953 0.46326271
0.74754882 0.74326056 0.64855462
0.92179918 0.53588533 0.55659884
-0.61160356 -0.35951957 0.02470409
-0.32331416 0.86454570 0.75500256
0.90661699 -0.08365206 0.33973485
-0.48531520 0.03815063 0.46067485
-0.90713900 -0.36383271 -0.56860960
-0.62005723 -0.45095786 -1.41570759
-0.22376718 0.65164971 0.61611992
0.99391466 -0.19665596 0.35163906
0.63903064 -0.35951957 0.02556670
-0.92111343 -0.49667710 0.02918974
-0.88367546 0.25843063 0.53865623
0.95992726 -0.37090629 0.08301757
-0.17390749 -0.12764594 0.40201640
0.52343881 -0.37194139 -0.94212639
0.62919664 -0.48028716 -1.41173947
0.41129750 -0.06277651 0.42686003
-0.12415125 -0.37366667 0.30402216
-0.07434327 1.21942973 0.77605063
-0.77826273 -0.36435032 0.01659540
-0.76032013 -0.36659315 -0.65987533
-0.45926389 0.81968910 0.73913032
0.02527270 -0.49667710 -1.24093974
0.12488867 -0.36642060 -0.86742294
-0.82139397 -0.49667710 -1.01682973
-0.69700342 -0.49667710 -1.10395479
0.52326632 -0.49667710 -0.61846930
-0.18632929 -0.49667710 0.05403336
0.19960926 -0.49667710 -1.21609616
-0.83830142 -0.35900202 -0.22454284
-0.08679958 -0.49667710 0.20344007
0.00036698 -0.49667710 0.09129876
0.84709579 -0.49667710 -0.28219381
-0.51015878 -0.49667710 -1.37792468
-0.32331416 -0.49667710 -1.00440788
0.78481424 -0.36607555 -0.80514145
0.48600090 -0.37366667 -1.14139283
-0.83398831 -0.49667710 -0.18258476
0.21203107 -0.49667710 0.17859645
-0.42303362 -0.49667710 -0.23239273
0.16222307 -0.37314907 -1.04184580
0.05016806 -0.49667710 -0.51874983
0.24946903 -0.37280402 -0.91728276
-0.48531520 -0.49667710 -0.45646831
0.17890625 -0.35900202 -0.47717133
0.02527270 -0.37194139 -1.26595592
-0.98132473 0.55193025 0.62905926
0.52326632 0.75205922 0.65166008
-0.31089234 1.09452164 0.77277273
0.72253269 -0.36607555 0.15116493
-0.63368672 -0.09331342 0.35232916
0.49842271 0.48592216 0.55746144
0.69768912 -0.10797807 0.40891737
0.23687470 0.91250759 0.77191007
0.46115726 0.65164971 0.61611992
-0.52258056 0.54037106 0.57678425
0.77342761 -0.19406806 0.31126824
-0.80897218 -0.34399232 0.32334498
-0.02446628 -0.37263152 -1.16640890
-0.87125379 1.16008115 0.85040897
0.79740864 -0.37142384 0.21931233
0.78308904 -0.35762179 -0.11371277
0.99063671 0.12648347 0.47292420
-0.79655039 0.56348944 0.64838207
0.97045130 -0.37452927 -0.41916835
0.26189086 0.57746392 0.58989614
0.31157807 0.98324287 0.73343694
-0.75928497 0.92976016 0.77812099
-0.99322897 -0.42128357 -0.23237549
-0.03840630 -0.35900202 -0.44570279
-0.74669063 -0.37366667 -1.17883074
-0.03699160 -0.49667710 -1.32823753
0.42371932 -0.49667710 -0.34444776
-0.42303362 -0.37194139 -1.19125259
-0.27362695 -0.49667710 0.14115849
-0.27362695 -0.33674631 0.32731307
0.82225221 0.22849752 0.46636820
-0.38456059 -0.09331342 0.35232916
0.31175059 0.39432859 0.52502674
-0.29847053 -0.49667710 -0.92970455
-0.65956551 -0.37452927 0.17790632
-0.44787723 -0.36607555 -0.73043805
0.29915625 0.58074194 0.65459299
-0.27362695 -0.24496298 0.28021371
-0.43545547 -0.49667710 -0.73043805
0.41129750 0.14891173 0.50173581
0.14978403 -0.04880197 0.36820146
0.89643800 0.95805430 0.71808225
-0.09815173 -0.37953252 -0.71128780
-0.90869164 -0.49667710 -0.43162465
-0.32331416 0.57746392 0.58989614
-0.48635036 -0.35951957 0.02453156
0.48600090 0.35721850 0.51191485
-0.09925589 0.57211572 0.65148753
0.72253269 0.43142152 0.53813863
-0.24861081 0.34837830 0.50863683
-0.29847053 0.74326056 0.64855462
0.49842271 -0.36607555 -0.71801639
-0.46029904 -0.17526284 0.32334498
0.37506726 -0.36003721 -0.15613666
-0.58486211 0.83487135 0.68098938
-0.88522822 -0.12816350 0.33714697
0.51084447 0.04522418 0.40149879
-0.63161641 1.12730134 0.77139246
0.43890154 -0.35934708 -0.26819515
-0.18650182 0.68115151 0.68996066
0.39887571 0.25692964 0.47637463
0.28673443 0.81761885 0.67477846
0.01280604 0.85471171 0.68789041
0.47357908 0.26560768 0.47948012
-0.95699871 0.15305234 0.49535245
-0.22376718 0.94615006 0.72032505
0.48600090 0.56883770 0.58679074
-0.41061181 0.12993398 0.49310958
-0.59728396 -0.28205585 0.26710179
0.95699424 -0.11867464 0.39925602
0.48600090 -0.14903906 0.33266136
-0.11171220 0.71824437 0.70307255
-0.89609730 -0.06225892 0.42513472
0.82225221 0.71824437 0.70307255
0.43614116 -0.36918098 -0.64538330
0.33900955 -0.35865697 -0.37915981
0.66025114 -0.20821515 0.37354979
0.34901598 0.35185638 0.57350624
0.36143780 0.54364902 0.64148104
0.27431265 -0.00066749 0.38510895
0.17459314 0.36917448 0.57971716
-0.07436053 0.98721099 0.79658109
0.42371932 1.11315429 0.84299040
0.66025114 0.78035343 0.66166657
-0.32331416 -0.27377465 0.35025889
0.93404835 0.39722702 0.58903348
-0.33590850 0.06264920 0.40770972
0.57312602 1.14783192 0.85127163
0.38645393 -0.41421005 0.28573450
-0.94267911 -0.36642060 0.04161155
0.10413390 1.20511007 0.76086849
-0.12415125 1.17267549 0.85178912
-0.21134542 0.78380388 0.72636336
0.82225221 0.54364902 0.64148104
-0.89609730 -0.37228644 -0.90520591
-0.23325606 -0.41783306 -1.41657031
0.94767785 0.80329925 0.65114254
0.58537531 0.26721215 0.54210669
0.99391466 -0.44612721 0.25329983
0.11244960 1.09555674 0.83677948
-0.22048925 1.20390236 0.76518160
-0.95837891 -0.40851673 0.27762583
0.71011090 -0.49667710 -1.24093974
0.43614116 -0.49667710 -1.27837777
0.16224033 -0.49667710 -1.00440788
-0.52258056 1.07606149 0.82987839
-0.70942521 -0.36780083 0.10389309
0.14978403 -0.36676565 -0.66815656
0.09997605 -0.37245899 -1.25353420
0.71011090 -0.49667710 -0.23239273
0.47357908 -0.36607555 -0.79271966
-0.64714366 -0.49667710 -0.95454818
-0.57244033 -0.49667710 -0.05810795
0.46115726 -0.49667710 -0.51874983
0.32417238 -0.49667710 -1.34065926
0.68526733 -0.49667710 -1.12897098
0.06365952 0.59937465 0.66114897
0.07504617 -0.33433095 0.24329334
0.03772901 -0.49667710 -1.07911134
-0.46029904 0.40300664 0.52813220
0.54759234 -0.40075308 -1.41605270
-0.08654080 -0.37401173 0.09060866
0.37385958 -0.49667710 -0.18258476
-0.78309345 -0.35123840 0.22483319
0.00035318 -0.21908423 0.36975423
0.04602746 -0.36849090 0.16013624
0.21203107 -0.31121257 0.33818212
-0.98977840 -0.35624164 0.22345296
-0.14906387 0.95822680 0.78812748
0.87193948 -0.37556446 -1.36498535
-0.81690830 -0.37228644 -1.03822291
0.73236662 -0.35900202 -0.46267921
-0.56001854 1.14783192 0.85092646
-0.39819005 0.36105719 0.57488650
-0.99322897 -0.45854896 -0.50632805
-0.18650182 -0.02499353 0.43824670
-0.57244033 0.13683498 0.43376103
0.44856292 0.47834828 0.61836278
-0.10455241 -0.36780083 -1.08290684
-0.74669063 0.73446178 0.64544922
-0.94267911 -0.36642060 -0.19504108
0.63540757 0.87593222 0.75707293
-0.80897218 0.24104013 0.53244537
-0.98960602 -0.49219143 -1.02511096
0.24946903 0.68115151 0.68996066
0.89712811 -0.36158991 -0.20732485
0.15269969 -0.40592885 -1.41657031
-0.80897218 0.36589646 0.51502031
-0.92111343 -0.32725739 0.24829657
0.11241510 -0.17353761 0.38579902
0.99305201 -0.43370536 -0.64331293
0.87193948 0.07524353 0.47378677
-0.84641016 0.78380388 0.72636336
0.39991087 0.01037412 0.45273870
-0.92111343 -0.37280402 -1.02925146
-0.47272086 -0.02016282 0.37838045
-0.50912362 0.91889107 0.71066368
-0.69700342 0.29402253 0.48948658
0.93422103 -0.49667710 -1.12897098
-0.73426884 -0.20821515 0.37354979
0.12488867 0.24802738 0.47326919
-0.01104555 0.91889107 0.71066368
-0.68440908 -0.35900202 -0.59345323
0.11669372 -0.36038226 0.03039741
0.59814215 -0.32812005 0.24967675
-0.10860676 1.12730134 0.77139246
0.62298578 -0.15766530 0.32972839
-0.26120514 -0.05346015 0.42824018
0.24946903 0.05505809 0.46861106
-0.13660757 -0.02896159 0.37527502
-0.09011206 -0.43801850 -1.41657031
-0.75928497 1.20580029 0.79399323
-0.28604871 0.76413608 0.71946245
-0.84641016 0.92976016 0.77812099
0.27431265 0.20348141 0.52105862
0.05016806 -0.29326996 0.34335786
0.21203107 0.30385649 0.55659884
0.52343881 -0.15645763 0.39373517
-0.63472188 0.18269214 0.45015082
-0.29847053 0.35242745 0.57195359
-0.94595706 0.01227190 0.37130693
-0.07434327 0.68011636 0.62612635
-0.37317389 0.01209937 0.45135847
0.92179918 0.71824437 0.70324510
-0.41061181 -0.35882953 -0.54428357
0.62298578 -0.37194139 -1.19125259
0.72253269 -0.49667710 0.19101825
-0.42303362 -0.49667710 -0.99198604
0.43614116 -0.49667710 -0.71801639
-0.57244033 -0.49667710 0.20344007
-0.48531520 -0.49667710 -0.85500115
0.80983037 -0.37194139 -0.99198604
-0.46029904 -0.46855545 0.27555555
0.03772901 -0.49667710 0.19101825
0.01280776 -0.36607555 -1.02942407
0.84709579 -0.49667710 -0.15767215
0.02527270 -0.49667710 -0.64331293
0.44856292 0.96702552 0.79123288
0.59779716 -0.25652218 0.35733241
0.53586066 0.12993398 0.49310958
0.24946903 -0.37245899 -1.05426764
0.63540757 -0.49667710 -0.84257942
-0.73426884 -0.49667710 -0.08295154
0.36143780 -0.49667710 -0.09537335
-0.38559571 -0.49667710 -0.08295154
-0.83295316 0.70737535 0.63578784
-0.19892363 1.11367190 0.84195524
-0.31089234 -0.12057243 0.34284031
-0.90869164 -0.49667710 0.16600208
0.09999330 0.42251921 0.53503311
0.29915625 -0.05380521 0.42910281
0.99374211 0.03953086 0.42755008
0.46115726 0.78380388 0.72636336
0.51602024 -0.35831192 -0.53807265
0.33659419 0.30270058 0.49259201
0.92179918 -0.49667710 0.20344007
-0.03597370 -0.09331342 0.35232916
-0.67198730 -0.01153657 0.38131341
0.33659419 1.06622744 0.76276624
0.99287939 -0.44612721 -1.00440788
0.78481424 0.46078527 0.61197937
-0.58486211 0.00347310 0.44842556
0.88453376 1.06726265 0.82660049
0.83467400 1.01291716 0.80745029
-0.99236625 -0.38798621 -1.35308099
-0.27362695 -0.36676565 -0.66815656
0.83467400 -0.06605449 0.36216310
0.44856292 0.44009951 0.54124403
-0.58486211 0.40300664 0.52813220
-0.18632929 0.24104013 0.53244537
-0.23825930 -0.35882953 -0.19778422
-0.63472188 0.95494884 0.72343045
0.22445288 0.63422471 0.60990900
0.58537531 0.75533724 0.71601188
0.02527270 0.54037106 0.57678425
-0.47168571 0.60800093 0.66425449
-0.47289339 1.00946677 0.74275333
0.82225221 0.77155465 0.65856111
0.17476565 -0.23668179 0.36337075
0.99339706 0.30095807 0.50225341
0.12488867 0.74326056 0.64855462
-0.84088933 -0.35900202 -0.58862245
-0.09820349 0.12682852 0.43031046
-0.30261117 -0.38039514 0.19671154
0.84709579 0.29402253 0.48948658
-0.02455254 -0.04466138 0.43151823
-0.11171220 0.65285742 0.68012667
-0.57244033 -0.12919867 0.33973485
-0.72184706 0.20001365 0.45618924
0.82225221 0.37452278 0.51795322
0.75997066 -0.31121257 0.33800960
-0.19892363 -0.26514840 0.35336432
-0.98218739 0.73014861 0.62560880
-0.28604871 0.24802738 0.47326919
-0.88367546 -0.48891342 0.25899312
-0.47289339 1.20355749 0.82366753
-0.74565548 0.81968910 0.73913032
0.79723603 -0.11884715 0.40512183
-0.65956551 0.53174484 0.57367879
-0.89747751 0.08766534 0.40857238
-0.98235989 0.32419717 0.48206800
-0.07434327 0.06264920 0.40770972
0.93008041 1.20045209 0.83246630
-0.92111343 0.50981683 0.54728252
-0.36075208 0.72704321 0.70635056
-0.14908113 0.89266723 0.76483649
0.26189086 -0.24530803 0.36026531
-0.64714366 1.04172897 0.81590396
0.33659419 0.52294600 0.57040083
0.82656533 -0.35900202 -0.35847408
-0.80069095 1.19234335 0.84713107
0.08751974 0.80122894 0.73257428
-0.89696002 0.22490902 0.45774195
-0.27362695 -0.35969213 -0.29626667
0.26189086 -0.13644470 0.39891097
-0.92059588 1.04017615 0.81711161
0.64782935 -0.37366667 -1.35273612
-0.38559571 0.78915209 0.66477203
-0.29847053 0.47722691 0.55435592
0.99339706 -0.39695758 -0.71801639
0.42371932 0.83814925 0.74568623
0.04442298 -0.35796687 -0.08881741
0.18718746 1.18388963 0.85144413
-0.12415125 -0.28240088 0.34715346
0.03450279 -0.48822331 -1.41173947
-0.52258056 0.28513750 0.48638111
0.21203107 0.21093448 0.46015728
-0.65956551 -0.35900202 -0.14525035
-0.60867059 0.60800093 0.66425449
-0.98977840 0.25422102 0.45946714
0.30467704 -0.35900202 -0.44941205
-0.62230009 0.29402253 0.48948658
0.92179918 -0.15335219 0.31264842
0.53586066 0.35242745 0.57195359
-0.42596656 -0.35848448 -0.10037657
-0.98011708 -0.37815231 -0.10676001
-0.70994282 -0.35969213 -0.53048152
-0.77170676 -0.42145607 0.27728075
0.38645393 -0.36607555 0.07887695
0.66025114 1.13627255 0.84851116
-0.33590850 0.68011636 0.62612635
-0.60987830 0.21504059 0.52330148
-0.32331416 1.17267549 0.85178912
0.16329272 0.32989052 0.50225341
-0.63472188 -0.35986465 -0.28371376
-0.02453529 -0.36003721 -0.04810148
-0.04944791 0.28513750 0.48638111
0.93353081 0.22368407 0.52623445
-0.69683087 -0.40230581 0.29556844
-0.56001854 -0.36780083 -0.82998508
-0.39801750 0.34837830 0.50863683
-0.33642605 -0.35969213 -0.51840478
-0.22411226 -0.35865697 -0.08312407
-0.72184706 -0.37194139 -0.94212639
-0.90869164 0.02935186 0.45756939
-0.95130533 -0.36849090 -0.38181669
-0.83295316 0.61679965 0.66735989
-0.37317389 0.23712379 0.46947363
0.02525545 0.97220135 0.72964138
-0.27362695 -0.37245899 -1.24111235
-0.19892363 -0.36659315 0.06645515
0.43614116 0.65285742 0.68012667
-0.22376718 0.06661729 0.47068128
-0.17718546 -0.38212037 -0.74596530
0.99339706 0.84867328 0.67719382
0.12488867 -0.49667710 -1.12897098
-0.88367546 -0.36728323 0.10389309
0.31175059 -0.36780083 -0.73043805
-0.75911242 -0.37280402 -1.31581569
0.38645393 -0.49667710 -1.21609616
-0.53500241 -0.49667710 0.07887695
0.26189086 -0.49667710 0.05403336
-0.82139397 -0.49667710 -0.71801639
-0.17390749 -0.49667710 -0.26974270
0.12488867 -0.37245899 -1.16623628
0.16224033 -0.49667710 -0.68057835
-0.39801750 -0.49667710 -0.17012846
0.99356961 -0.48356518 -0.18256751
0.28673443 -0.13799742 0.33662942
-0.36075208 0.29552352 0.55176806
0.33659419 -0.37280402 -1.19125259
0.99218929 -0.42128357 -0.92970455
-0.90869164 -0.37366667 -1.22851789
0.21203107 -0.36693814 -0.76787603
-0.99322897 -0.47114336 -0.71801639
-0.37317389 -0.49667710 -0.78029788
-0.22376718 -0.49667710 -1.06668949
-0.69700342 -0.49667710 -0.63089114
0.83467400 -0.37194139 -1.11654913
-0.75928497 -0.49667710 -0.78029788
-0.21134542 -0.49667710 -0.80514145
0.89695555 -0.36607555 -0.70559448
0.26189086 -0.49667710 0.12873667
0.63540757 -0.36607555 -0.83015764
-0.48531520 -0.49667710 -0.59345323
-0.37317389 -0.37366667 -1.27837777
0.19960926 -0.37194139 -1.30322123
0.54828244 -0.49667710 -1.22851789
-0.58486211 -0.37194139 -1.16623628
-0.64714366 -0.49667710 -0.19502382
-0.94285166 -0.36642060 -0.70559448
0.14978403 -0.49667710 -0.79271966
-0.14906387 -0.49667710 -0.39425573
-0.11169495 -0.49667710 -1.29079938
-0.94595706 -0.49667710 -0.05810795
-0.68440908 -0.36780083 -0.74285984
-0.83398831 -0.36780083 -0.78029788
0.67284554 -0.49667710 -0.46889013
-0.37317389 -0.37780726 -1.37706196
-0.52982664 -0.33019033 0.22051999
0.31157807 -0.37366667 -1.07911134
-0.26120514 -0.49667710 -1.25353420
-0.73426884 -0.49667710 0.16600208
0.98201042 1.10677087 0.75862557
-0.28604871 -0.46855545 0.27521047
-0.50291270 1.11936522 0.77484298
0.48082510 1.11936522 0.77484298
0.84709579 1.18388963 0.85144413
-0.97097325 0.97910225 0.71342403
-0.73426884 0.67131758 0.62302089
0.76100582 0.93631607 0.71670204
-0.65818530 -0.35951957 -0.02964130
0.98270053 0.50981683 0.54728252
0.89523035 0.23386307 0.46309030
0.43614116 1.04983759 0.82056206
0.56070429 0.80864751 0.67167306
-0.59728396 -0.36607555 -0.70559448
-0.28604871 0.92113400 0.77501547
-0.85883188 0.99204165 0.73654246
-0.36075208 1.04655957 0.75586528
-0.98960602 0.85195130 0.67098296
-0.12777428 -0.38212037 -0.96317440
0.24946903 1.12436843 0.84695846
0.88453376 1.14455378 0.77191007
-0.27259180 1.02257872 0.81090069
0.43614116 -0.36486787 0.30781773
-0.03702610 1.12488604 0.84523326
-0.04944791 0.08386978 0.47689220
0.88453376 -0.36607555 -0.85500115
0.99339706 -0.47097078 -0.10779516
0.58554786 0.54037106 0.57678425
0.56173933 0.61679965 0.66735989
-0.53500241 0.49789539 0.62526375
0.49842271 -0.05742824 0.36509606
-0.43545547 -0.00739598 0.44463000
-0.47289339 -0.16491133 0.38890448
0.40232623 -0.35900202 0.00538129
-0.70942521 0.04677691 0.46378028
-0.59745646 0.93027776 0.77691329
-0.23618899 0.88283324 0.69789672
-0.98011708 -0.37815231 -0.50529289
0.36143780 0.16288626 0.44307736
0.38628140 -0.11936470 0.40650204
0.54828244 -0.08175427 0.41823372
-0.22376718 -0.18216386 0.38269359
-0.98857075 0.10388269 0.46688572
-0.74669063 -0.14507094 0.39580551
0.56070429 0.04677691 0.46378028
-0.43545547 0.46854889 0.55125052
0.15083642 0.91889107 0.71066368
0.51084447 0.18269214 0.45015082
-0.69700342 0.37452278 0.51795322
0.03772901 0.00813128 0.38838693
0.17476565 1.15352511 0.77518809
-0.56001854 -0.02896159 0.37527502
0.14980128 -0.25358921 0.27710825
-0.60987830 -0.27377465 0.35025889
0.41733590 -0.35762179 -0.07656812
0.99374211 1.13575506 0.82453018
-0.19892363 0.40666419 0.59162140
0.98770380 0.58626270 0.63923830
0.83605421 -0.35900202 -0.24538387
0.31157807 0.66372651 0.68392229
-0.49773702 -0.35900202 -0.25732261
0.72356790 0.50443411 0.56401742
0.02629059 1.02257872 0.81090069
0.64782935 0.41163287 0.53106511
0.98856628 -0.38246542 -1.23265851
-0.08679958 -0.17509034 0.32351747
-0.62230009 0.07524353 0.47378677
0.69768912 1.10332048 0.77587819
-0.94733727 -0.36935353 0.13391244
-0.02351739 0.42490005 0.59938496
0.99356961 -0.48356518 -0.58103138
-0.07196243 -0.35986465 -0.50356764
0.03771175 0.73791224 0.71014613
0.42475450 0.33853403 0.50518644
0.37489474 0.60800093 0.66425449
-0.64714366 0.36105374 0.57488650
0.87193948 -0.36158991 -0.62847579
0.36816627 -0.35900202 -0.22761381
0.78584945 0.81106281 0.73602486
0.87193948 0.90043092 0.70410764
-0.89661497 0.57366836 0.58195996
-0.98943335 -0.23098841 0.28676966
0.99046409 0.25064975 0.45825946
-0.57244033 1.10332048 0.77587819
-0.78240335 -0.45251065 -1.41536248
0.64782935 0.17375533 0.44687292
0.99391466 -0.39678499 -0.48148441
0.74754882 1.17250288 0.85127163
0.52464646 -0.36055475 -0.40490052
-0.42199850 0.12682852 0.43031046
-0.59521365 0.43345731 0.60180026
0.11207004 -0.35900202 -0.10762263
0.37385958 0.68011636 0.62612635
-0.83295316 -0.08468717 0.35543463
-0.98805320 1.04362667 0.73671496
-0.42303362 1.08693051 0.83367401
-0.91162455 -0.36642060 -0.10779516
-0.69700342 0.81761885 0.67477846
-0.77170676 -0.35986465 -0.50546545
0.13734497 1.00066793 0.73964787
0.11243235 0.26671186 0.54348695
0.59796959 -0.36607555 -0.69317269
0.79723603 0.20413700 0.51950598
-0.72184706 1.03793335 0.75275975
-0.49670181 0.11820228 0.42720503
-0.60970575 0.01693005 0.39149240
0.80965787 0.27820203 0.54555720
0.69768912 -0.49667710 -0.81756324
-0.97097325 -0.49667710 0.17859645
0.31175059 -0.49667710 -1.02925146
-0.33590850 -0.49667710 -0.46889013
-0.39801750 -0.49667710 -0.59345323
-0.49773702 -0.37194139 -1.11654913
0.74754882 -0.49667710 -0.90486097
-0.98166972 0.44439536 0.52416414
0.12488867 -0.49667710 -0.14521584
-0.65956551 -0.16629153 0.32662293
-0.34833026 0.23236209 0.52933991
0.27431265 -0.49667710 -0.39425573
0.12488867 -0.49667710 -0.05810795
-0.90869164 -0.37366667 -1.09153306
0.57312602 -0.49667710 -0.28219381
-0.49773702 -0.49667710 -0.29464668
0.62298578 0.99204165 0.73654246
0.68526733 0.30270058 0.49259201
0.28673443 0.11181885 0.48862392
-0.29847053 0.12096268 0.49000412
0.71011090 0.56883770 0.58679074
0.84709579 0.84694803 0.74879169
0.36143780 -0.37280402 -0.99198604
-0.93353528 1.17250288 0.85058147
0.87193948 -0.49667710 -1.05426764
-0.78412861 -0.49667710 -0.58103138
-0.77170676 -0.49667710 0.07887695
-0.18632929 -0.49667710 -0.97956425
-0.62230009 -0.37194139 -1.09153306
-0.99322897 -0.42128357 -0.99198604
-0.84641016 -0.49667710 -0.87984473
0.64782935 -0.37194139 -1.02925146
-0.57244033 -0.49667710 -0.85500115
0.18718746 -0.49667710 0.04161155
-0.72184706 -0.49667710 -0.94212639
-0.79655039 -0.36728323 -0.85500115
0.68526733 -0.49667710 -0.58103138
0.83467400 0.06264920 0.40770972
0.03771175 0.54364902 0.64148104
-0.48531520 -0.49667710 -0.14521584
-0.75928497 -0.49667710 -0.36936039
-0.08679958 -0.49667710 -0.83015764
0.13734497 -0.49667710 0.12873667
-0.69700342 -0.49667710 -0.31955239
0.00036698 -0.49667710 -0.95454818
-0.02458704 0.24952836 0.53606838
0.14978403 -0.49667710 -0.25728810
0.61884516 1.19234335 0.84713107
0.71011090 1.03310263 0.81279850
0.62298578 -0.49667710 -0.19502382
-0.03699160 0.73446178 0.64544922
0.05016806 -0.09055302 0.41512829
0.07508068 0.64302343 0.61301446
0.01282846 0.25692964 0.47637463
0.09995879 0.89266723 0.76483649
-0.68285638 -0.35900202 -0.23209944
-0.78412861 -0.05346015 0.42824018
0.56070429 0.97582436 0.79433835
-0.15858726 -0.35900202 -0.07121984
-0.82139397 0.46854889 0.55125052
-0.54759675 0.18655670 0.51312250
-0.49670181 0.42490005 0.59938496
0.93956923 0.92855251 0.77656823
0.79723603 0.34152386 0.56815797
-0.54759675 -0.49667710 -1.17865813
0.66025114 -0.37194139 -1.25353420
0.84709579 -0.49667710 -1.17865813
-0.42303362 1.05742872 0.75966084
0.59779716 0.20384371 0.52036858
-0.53500241 0.72704321 0.70635056
-0.99322897 -0.39678499 -0.75528163
-0.98063469 -0.10746051 0.39494288
0.29915625 -0.37332162 0.17790632
-0.14595842 -0.35900202 -0.25521782
0.33659419 1.15352511 0.77518809
-0.68458164 0.88283324 0.69789672
-0.49773702 0.14080305 0.49690518
0.06262437 0.07351828 0.41150525
0.18718746 0.16650929 0.50794673
-0.46029904 0.31531215 0.55866909
-0.65956551 0.77517766 0.72325796
0.68509477 0.07507101 0.47430435
-0.36368501 -0.36676565 -0.84257942
-0.58486211 0.55262035 0.64458656
-0.13660757 -0.23633671 0.28331918
0.78481424 0.52294600 0.57040083
-0.22376718 0.28513750 0.48638111
-0.62230009 0.87593222 0.75707293
-0.80897218 1.00411856 0.80399966
-0.74669063 0.23236209 0.52933991
0.92248929 1.01481497 0.72601837
0.53586066 0.90922976 0.70721316
0.80965787 0.06661729 0.47068128
0.21203107 1.04983759 0.82056206
0.22445288 0.47722691 0.55435592
-0.51015878 1.00411856 0.80434477
0.74858397 0.10957601 0.42427215
-0.28604871 1.15352511 0.77518809
0.56070429 -0.41421005 0.28573450
-0.21134542 1.04983759 0.82056206
-0.73426884 -0.29326996 0.34335786
-0.23515385 -0.19907129 0.30333206
-0.83398831 0.89180464 0.70100224
-0.36264986 -0.44923264 -1.41657031
-0.41061181 0.58954066 0.65769845
-0.47289339 -0.23633671 0.28331918
-0.68458164 0.14563376 0.43703902
0.33659419 0.02555632 0.39442527
0.73495448 -0.23633671 0.28331918
0.03771175 0.34837830 0.50863683
-0.07434327 0.02072562 0.45446396
-0.53500241 0.78915209 0.66477203
-0.04948241 -0.34140450 0.23673739
-0.16165821 -0.35882953 -0.36934313
-0.88367546 0.83814925 0.74568623
-0.67198730 -0.34399232 0.32334498
-0.87125379 -0.16491133 0.38890448
0.45856935 -0.35951957 -0.42260164
-0.72098440 -0.34399232 0.22880124
0.93318588 1.00429094 0.80382717
-0.28570369 -0.36642060 -1.12845337
0.61056399 -0.20856020 0.29315308
-0.26120514 -0.37849736 -1.37688959
0.84709579 -0.36745578 0.10372056
0.42371932 -0.37314907 -1.21609616
0.22445288 -0.49667710 -0.54376602
0.38645393 -0.49667710 -0.64331293
0.88453376 -0.49667710 -0.92970455
-0.92111343 -0.49667710 -1.11654913
0.99305201 -0.07261045 0.37769035
-0.16150294 -0.49667710 -0.07052974
0.17459314 0.64388615 0.67684871
0.92179918 -0.49667710 -0.26974270
-0.09925589 -0.49667710 -1.14139283
0.88453376 -0.49667710 -0.36936039
-0.03699160 -0.49667710 -0.68057835
-0.28604871 -0.49667710 -0.17012846
-0.13660757 -0.49667710 0.00417359
0.77239245 -0.49667710 -0.09537335
0.12492316 -0.36780083 -0.80514145
0.21203107 -0.49667710 -1.04184580
0.49842271 -0.37280402 -1.00440788
-0.35988948 0.43354359 0.60180026
0.06262437 -0.37314907 -1.12897098
0.26189086 -0.37228644 -1.21609616
-0.99288386 -0.48356518 -0.12030321
0.73512709 -0.37142384 0.21948488
0.34901598 -0.36728323 -0.79271966
0.28673443 -0.49667710 -1.26595592
-0.11169495 -0.49667710 -1.35308099
-0.48531520 -0.49667710 -0.99198604
0.41129750 -0.49667710 0.11631490
-0.60970575 -0.49667710 -0.71801639
-0.98960602 -0.49219143 0.05817395
-0.19892363 -0.40851673 0.29211789
0.64782935 0.26731569 0.54176170
-0.80897218 -0.48356518 0.26589414
-0.63472188 -0.49667710 -0.63089114
0.92179918 -0.49667710 0.06645515
-0.36075208 -0.49667710 -0.85500115
0.22341773 1.11194658 0.77691329
0.61056399 -0.49667710 -0.56860960
0.94336474 -0.36642060 -0.56860960
0.99287939 -0.43370536 0.10389309
0.93422103 -0.49667710 -1.19125259
0.92179918 -0.49667710 -0.05810795
0.84709579 -0.37194139 -1.17865813
0.24946903 -0.49667710 -0.14521584
0.52343881 1.21063089 0.79916900
0.90937740 -0.49667710 -0.84257942
0.93422103 -0.37194139 -1.20367444
0.79723603 -0.49667710 -1.11654913
0.73495448 -0.37194139 -1.22851789
0.02527270 -0.49667710 -1.30322123
0.98080271 0.86299288 0.73913032
-0.42303362 -0.49667710 -0.45646831
-0.26120514 -0.49667710 -0.33200872
0.00036698 -0.49667710 -0.38181669
0.02527270 -0.49667710 -0.24483180
-0.09923864 -0.37953252 -1.38965631
-0.12415125 -0.49667710 -0.51874983
0.12488867 -0.49667710 -0.41916835
0.42371932 -0.37245899 -1.01700222
-0.11169495 -0.49667710 -0.30709609
-0.32348669 -0.36624810 -0.70542198
-0.77170676 -0.49667710 -1.27837777
0.43614116 -0.49667710 -1.09153306
-0.72184706 -0.49667710 -0.83015764
0.53586066 -0.49667710 -0.80514145
0.39887571 -0.49667710 -1.32823753
-0.90869164 -0.49667710 -1.27837777
-0.06088632 0.81968910 0.73913032
0.16222307 0.58074194 0.65459299
0.67267299 -0.03396482 0.43600380
0.77239245 -0.37245899 -1.34048665
0.32417238 -0.49667710 -0.81756324
-0.85883188 -0.49667710 -0.39425573
-0.69700342 1.07675147 0.82832575
-0.48428005 0.72462779 0.64182615
-0.04944791 -0.37366667 -1.31564307
0.26189086 -0.37245899 -1.34048665
0.43614116 -0.49667710 -1.02925146
0.87297463 -0.38505331 0.29194540
-0.26120514 -0.49667710 -0.56860960
-0.24861081 -0.49667710 0.01659540
0.66025114 -0.49667710 -0.35690409
0.64782935 -0.49667710 0.07887695
0.69768912 -0.49667710 -0.75545424
0.29915625 -0.35900202 -0.13275953
0.84192008 -0.45941165 -1.41605270
-0.39767244 -0.36003721 -0.28370342
-0.93353528 0.89594519 0.68392229
0.75979811 0.73842978 0.70911092
0.75997066 -0.36642060 -0.87932724
0.62298578 1.09452164 0.77277273
-0.74565548 0.33853403 0.50518644
0.19960926 0.52639651 0.63527018
0.57312602 -0.37625453 0.18843035
0.21203107 0.14563376 0.43703902
-0.56001854 -0.35900202 -0.45646831
-0.76359802 -0.39350706 -1.41588020
-0.06190421 -0.24530803 0.36026531
-0.22273204 0.72462779 0.64182615
0.09997605 0.45209002 0.60904646
0.39887571 0.30387375 0.55659884
-0.43545547 -0.11884715 0.40512183
0.73081392 -0.36762828 -0.65935779
0.44873545 -0.35986465 -0.50546545
-0.33228546 -0.35951957 -0.18092853
-0.92111343 0.30440855 0.55487353
0.97183138 -0.34450993 0.22724852
-0.09925589 1.02033579 0.74654889
-0.51015878 0.59713179 0.59679717
-0.39801750 -0.00066749 0.38510895
0.51084447 1.17267549 0.85178912
0.18718746 -0.12919867 0.33973485
-0.75928497 -0.15766530 0.32972839
-0.41061181 0.53174484 0.57367879
-0.63472188 0.97634190 0.79278553
-0.76963651 -0.35813943 -0.33028346
0.42785993 -0.38246542 0.20585540
-0.79655039 0.36106926 0.57488650
0.06262437 1.09452164 0.77277273
-0.77170676 0.06661729 0.47068128
0.95199108 -0.36849090 0.01245481
-0.07434327 0.43142152 0.53813863
0.18718746 0.70081937 0.69703418
0.78481424 0.18269214 0.45015082
0.03771175 0.44874299 0.54434949
-0.06190421 1.05915391 0.82194233
0.78481424 0.27425122 0.48258555
0.51084447 -0.29965341 0.26089090
0.73495448 -0.23668179 0.36337075
0.15953168 -0.48770574 -1.41173947
-0.29864305 -0.36814582 0.12580375
-0.14904661 1.06622744 0.76276624
-0.22411226 -0.36624810 -0.99509150
0.73495448 0.80864751 0.67167306
0.49842271 -0.49322650 0.25071192
0.78481424 -0.49667710 0.21586187
0.71011090 -0.12919867 0.33973485
0.54828244 -0.49667710 -1.35308099
-0.60970575 0.68011636 0.62612635
-0.99322897 -0.45854896 -1.32806480
0.74754882 0.68011636 0.62612635
-0.56001854 -0.41438255 0.28573450
0.47461423 0.70737535 0.63578784
0.82949823 1.11936522 0.77484298
0.03348489 -0.35848448 -0.56343383
0.96907103 -0.33157057 0.32092962
-0.95596355 -0.33157057 0.32558778
0.62298578 0.06264920 0.40770972
0.62298578 -0.06605449 0.36216310
0.54828244 0.67235273 0.68702775
-0.70942521 -0.35900202 -0.10779516
0.99339706 -0.42128357 -0.28218350
0.26189086 0.46076795 0.61197937
-0.26120514 0.64388615 0.67684871
0.46115726 0.18636693 0.51364005
0.15772018 -0.35848448 -0.56377894
-0.42303362 0.68011636 0.62612635
0.74754882 1.02033579 0.74654889
0.80983037 -0.44612721 0.27900603
0.81724900 -0.35900202 -0.58724231
0.58572036 -0.35900202 -0.33199146
-0.53482985 -0.35986465 -0.18258476
0.98304552 -0.24496298 0.28055876
-0.33590850 0.66372651 0.68392229
0.00748019 -0.37418422 -0.72163934
0.89505780 0.61990511 0.59990263
0.83467400 1.02913463 0.74965435
-0.49773702 0.86333799 0.69099587
-0.64714366 -0.10797807 0.40891737
-0.44787723 -0.32242671 0.22845618
-0.22376718 0.18655670 0.51312250
0.64886451 1.20994079 0.79537344
0.28673443 1.19924438 0.79140544
0.07508068 -0.42231876 0.28159386
-0.40974921 -0.36020970 -0.39297909
0.89695555 -0.27377465 0.35025889
0.00036525 0.05402295 0.40460426
-0.87125379 0.78915209 0.66477203
-0.69700342 0.95494884 0.72343045
-0.84502995 -0.34399232 0.22793865
0.69768912 0.95874435 0.78640223
-0.24757567 -0.09331342 0.35232916
-0.83398831 0.29552352 0.55176806
-0.06190421 -0.36486787 0.30781773
0.00037388 -0.35900202 -0.49390623
0.57312602 0.46095780 0.61146176
-0.17701294 -0.43681079 -1.41657031
0.98218292 1.03258514 0.73240185
-0.42303362 0.07524353 0.47378677
0.21203107 0.82624507 0.67788392
0.37385958 0.80864751 0.67167306
0.32417238 -0.13644470 0.39891097
-0.18632929 0.53174484 0.57367879
-0.39698237 0.93631607 0.71670204
0.74754882 -0.02896159 0.37527502
-0.28604871 -0.18216386 0.38269359
0.41129750 1.00946677 0.74275333
-0.51015878 -0.01636728 0.44135216
-0.83398831 -0.20821515 0.37354979
-0.62230009 -0.37884241 0.22362547
-0.46029904 0.87541467 0.75879818
-0.92111343 0.14114811 0.41685358
-0.09925589 -0.36607555 -1.01682973
0.38645393 -0.19096261 0.37958813
0.88349861 -0.36003721 -0.50581050
0.23687470 0.41163287 0.53106511
-0.04944791 0.81761885 0.67477846
-0.48531520 -0.33709136 0.32783061
0.18287432 -0.35882953 -0.33770204
-0.43959603 -0.36900848 0.16013624
0.18718746 0.58609021 0.59282905
0.22548805 0.71600157 0.63889325
0.46219242 0.91889107 0.71066368
0.33762932 -0.09331342 0.35232916
0.98235548 0.36632782 0.56229210
-0.73185349 0.42503807 0.59817731
0.24946903 -0.36452281 0.22604086
-0.97494125 -0.27584493 0.33680192
-0.93353528 -0.49667710 0.22828364
-0.98960602 -0.49219143 -1.16209590
0.95009321 1.07278347 0.82384008
-0.46029904 0.37854257 0.58144236
0.32417238 -0.38401815 0.30229694
0.29915625 -0.35900202 -0.59345323
-0.83088285 -0.36814582 -0.64555573
0.99218929 -0.43370536 -1.26595592
-0.29847053 0.01693005 0.39149240
0.26603141 -0.36918098 -0.65124911
-0.57244033 -0.37194139 -0.95454818
-0.67198730 0.22849752 0.46636820
0.83467400 0.48925191 0.62215835
0.68526733 0.23712379 0.46947363
0.02525545 0.64388615 0.67684871
0.28673443 0.06264920 0.40770972
-0.84641016 0.53502280 0.63837564
0.01281639 -0.12919867 0.33973485
0.43614116 0.36974382 0.57799190
0.77239245 0.02072562 0.45446396
-0.12416851 0.19525197 0.51622796
0.68526733 0.65337497 0.67840153
-0.57244033 1.02913463 0.74965435
-0.80897218 -0.24496298 0.28021371
0.36143780 -0.21649633 0.29022020
0.07613308 0.12682852 0.43031046
0.83467400 0.92976016 0.77812099
-0.36075208 0.15805556 0.50311607
-0.17390749 0.15805556 0.50311607
-0.53086185 1.19717395 0.84143764
-0.23618899 0.34152386 0.56815797
0.51205218 -0.35917455 -0.07467034
-0.33590850 -0.08175427 0.41823372
0.46115726 0.07351828 0.41150525
-0.18650182 0.82624507 0.67788392
-0.99322897 0.62473583 0.62681651
0.10102845 -0.19907129 0.30333206
0.01281294 0.08386978 0.47689220
0.43614116 0.53502280 0.63837564
