2048
-0.94625837 -0.08268622 -0.25757003
-0.00815508 0.66185170 1.76315916
-0.26177862 0.01430874 0.45155734
-0.01552868 -0.13427080 -0.97401893
-0.02350773 0.53321481 1.34984279
-0.07552855 -0.11139059 0.67765892
0.16333853 -0.16339834 -0.06534690
1.59303379 -0.12625247 -0.29784521
0.75503874 -0.02943554 -0.42285174
0.02836536 0.37289774 1.25230396
0.05286640 -0.14059211 -1.47865283
0.00776723 -0.15398100 -1.10056245
1.53414631 -0.10319022 0.09595613
-0.31356114 -0.21201344 -0.24375956
0.03864216 -0.09367564 0.88896167
0.18558951 -0.08942355 0.35116547
0.08687206 -0.19936758 -0.01636717
-0.17021410 -0.13491623 -0.73022455
-0.17550758 0.09674744 -1.25980604
-1.57132173 -0.14310963 -0.03271972
-0.16069038 0.15287822 -0.39635316
0.74787879 0.07851869 1.41498232
-1.17426777 -0.04820506 0.22004552
-0.01810965 0.20684807 0.85554719
-0.02685874 0.52223808 1.32774806
-0.10515665 -0.08974431 -1.70347404
-0.25201806 0.00681504 0.20766531
0.00520939 -0.13911244 -1.09419286
0.18276338 -0.04621980 -1.40332282
-1.02289855 -0.09442708 -0.56907636
1.10250425 -0.04998365 -0.07562229
0.21462430 -0.10518045 -0.74195862
-0.19468291 -0.14427906 -0.31943685
0.18566108 0.13563903 0.46896151
0.36083594 -0.10492682 -0.51032507
0.09035839 -0.09450641 -1.40668118
0.76444417 -0.04554762 -0.34900999
0.31500822 -0.12501611 -0.08267147
0.81080550 0.08721931 1.45924032
0.96367675 -0.18169692 -0.44862691
0.33703458 -0.09587170 -0.33475268
-1.56946754 -0.06141272 0.08684997
0.68080503 -0.09563345 0.08525652
-0.11493552 -0.12918086 -0.57175016
-0.01287291 0.04152168 1.64145231
0.03904852 0.16953254 -0.72793424
-0.86698461 -0.05837922 -0.36927071
-0.09399823 -0.12328859 0.30519339
-1.15590918 -0.04107584 0.08266310
0.14537187 0.08588711 1.00735688
0.48766422 -0.13604605 0.11675698
-0.56206447 0.08207631 1.57871032
-0.24842887 0.09172721 -0.02634174
0.67679304 -0.04496143 -0.31683311
-0.75888640 -0.05317123 -0.43273556
0.60378313 0.07709520 1.57990682
0.50281900 -0.06571066 -0.47560969
0.39722466 -0.10111446 -0.23492728
-0.02304555 0.60164285 1.42674506
0.27498159 -0.12293260 -0.43606848
0.18510570 0.04870429 0.74620539
-0.08171255 0.18200363 -0.17701171
0.00298920 -0.07455011 0.92476827
0.29397991 0.05076983 1.12687492
-1.31777728 -0.06144000 0.16421533
0.05089075 -0.16749309 -0.01239964
-0.01097768 0.16984352 -0.62168109
0.59208059 0.07366038 1.59727871
-0.96093369 -0.08079109 -0.41043201
-0.90030831 -0.06542543 -0.09986077
-0.25439399 0.07141700 1.44040048
-0.90523779 -0.16746390 -0.38339058
1.45910943 -0.00465064 0.26274654
-0.00695151 0.55217648 1.68090212
0.67307335 -0.09167778 0.08774147
-0.06472562 0.20685954 0.97936279
-0.04139405 0.19646040 -0.01751173
0.14242977 0.15206918 0.25162739
0.89669698 -0.07827780 -0.10131550
0.29083109 -0.10952689 -0.44850624
-1.67711282 -0.00887271 0.19602479
-0.18514310 -0.09476756 -0.86341202
-0.10271882 0.02651577 1.33255029
-0.68540418 -0.06247172 -0.53848779
0.03366240 -0.15277418 -0.26185220
-1.43542957 0.00328613 -0.08482888
0.13995892 0.14859585 -0.95410848
-0.98680472 -0.16897611 -0.63594478
-0.24802540 0.00608436 -1.07949948
-0.00535684 0.54259223 1.56046391
-0.07084803 -0.07635048 0.89041024
-0.26499549 0.08654713 -0.66104227
0.03323940 -0.01183884 1.33471262
0.10904470 -0.12625667 0.25410610
0.21535166 -0.09345987 -0.74985856
0.77263457 -0.09500333 -0.13866895
-0.17391507 -0.20183587 0.03743014
0.10688764 0.14171037 -1.32769346
0.00553192 -0.13953060 -0.26945481
0.03666642 0.17976688 0.64178848
0.04245271 -0.09324862 -1.69706523
-0.52223629 0.08434182 1.35073495
-0.34803647 -0.14546211 -0.12862074
-0.01122048 0.59009618 1.56722069
-0.06101127 -0.23059744 -1.55734098
-2.21681476 0.05466681 0.32259515
0.04350917 -0.06873444 0.87607074
0.17532681 -0.07551175 -0.29959667
0.22303581 0.01801793 -1.21729124
0.15744860 -0.16217907 -0.06534690
0.12831691 0.17124596 -0.33046833
-0.16335145 -0.07071722 -1.57372940
-1.81111634 0.02788913 0.36821964
1.36565137 -0.00694354 -0.15139970
0.05898157 -0.12283007 -1.14626873
0.11494131 0.12746759 -1.33573902
0.04614662 -0.16159831 -0.00198337
0.13529119 -0.07287469 -1.64515328
0.27345377 -0.22523934 -0.20697257
0.14065076 0.14357102 0.25576931
0.02941659 0.44059297 1.34690511
0.31633928 -0.13878810 -0.08085042
0.34546885 -0.11689597 -0.15223791
-0.04835567 0.27907059 1.33138633
-0.00879396 0.56074268 1.67630637
-0.45388371 -0.11042557 -0.17538816
-0.24177781 0.06875420 0.46215686
0.28025773 -0.21249583 -0.19528106
-0.23930159 0.11370499 0.00716285
-0.15653414 0.09425376 0.98855478
0.79779834 0.08415437 1.46095777
0.13237038 0.11671153 0.79494011
-1.05621064 -0.06068700 0.24516368
1.54494500 -0.03868135 -0.01037797
0.23392057 0.04671808 -0.21767345
-0.22139171 -0.03069639 -1.11566114
-0.02882959 0.39527655 1.50932384
-2.15494013 0.04921924 0.28298989
-0.57973415 0.06437393 1.56755221
-0.17917749 0.08280153 0.85469937
-0.08868569 0.18130741 -0.52847552
-0.32147628 -0.08889381 -0.56966388
-1.03822362 -0.08945578 -0.55066198
1.62486780 -0.05499667 -0.14653461
-0.11528751 0.15420817 0.70269376
0.18059228 0.08534808 -0.63603145
-0.18648171 0.09464663 0.86140466
0.03072478 0.21909867 1.05662775
0.01544981 0.17622072 1.23191500
-0.95145565 -0.09418230 -0.26443708
0.13754264 0.08537035 1.06869972
1.59374893 -0.00762298 0.24993213
-0.26001871 0.04333577 0.21210912
-0.49143514 -0.09624614 -0.10097055
-0.25916785 0.05001207 -1.01930368
-0.74556071 -0.08326614 -0.36206350
-1.01985145 -0.06026526 0.27178434
-0.23852782 0.11201804 -0.58182442
0.06715463 0.10991712 1.21127033
-0.47445366 -0.08865037 -0.09337222
0.99657297 -0.17303888 -0.66508228
-0.25160593 0.09196327 -0.08969291
-0.88212335 0.09198501 1.63010824
-0.46154964 0.06887697 1.41257632
2.26699042 0.05496086 0.56209779
-0.60664523 -0.05470624 -0.54388213
0.51157469 -0.08360233 -0.36783445
0.19257115 0.10793260 -0.55263078
-0.04464334 -0.08825795 -1.72181690
-0.83849818 -0.11416489 -0.44704747
-0.27629566 0.05188559 -0.71537977
1.93089092 0.00838592 0.46852535
0.55337387 -0.08664975 -0.42079294
-0.20588993 -0.14343877 -0.34289423
0.51075816 0.05959531 1.26450658
0.36653388 -0.20159288 -0.17695886
0.30444065 -0.12702864 -0.19368036
0.18827856 0.02168810 -1.49565065
1.12627351 -0.01798811 -0.01235287
0.96832043 -0.05388856 -0.35974619
1.55785251 -0.06685326 0.03724287
-2.22956634 0.02976579 0.55577397
-0.24518740 -0.03597021 0.51560038
0.67359591 -0.06481589 -0.07170091
0.15411678 -0.14849624 -0.19215198
-1.60164618 -0.15083741 -0.24502391
-0.83634913 -0.14746635 -0.50821823
-0.09608364 -0.09794208 -1.50345814
-0.23427463 0.11025450 0.02053428
0.35589203 -0.08042397 -0.54256827
-0.07222011 -0.14981571 0.51401776
0.03237769 0.22144547 1.03907859
-0.23857658 0.06564211 0.19659051
-0.30281442 -0.22627965 -0.23415186
-0.21633182 -0.14268020 -0.31335306
2.26826477 0.02166494 0.53787279
1.53405368 -0.09289709 0.07602698
-0.17396536 0.09265590 0.98400545
-0.77475655 -0.14025529 0.02463243
-0.21772572 -0.07699972 0.02080551
0.18909118 0.12515232 -0.55894256
-0.20761104 -0.11255284 -0.63725966
0.46912351 -0.14785579 0.12355649
0.31857458 -0.15315621 -0.07646722
0.10544219 0.13033850 1.21189094
0.19376493 -0.03028009 0.41954994
-0.04199566 0.42563704 1.46282995
-0.20504753 -0.15477116 -0.32699016
0.17209361 -0.14122809 -0.18823616
-0.18157496 -0.06831536 -1.59047425
0.13956703 0.15037847 -0.84179759
-0.37003928 -0.08426036 -0.31120938
-0.22058548 0.03127918 0.78093141
0.06542790 0.17010345 0.30405119
-0.31637001 0.08071104 1.10840857
-0.30760825 -0.25016928 -0.24620451
-0.56551498 -0.10244977 -0.41308612
0.79749310 0.08680829 1.53481531
1.61079037 -0.05893660 -0.13305552
-0.11732916 -0.14768091 0.29133946
-0.02611783 0.59609723 1.41371894
-1.17219746 -0.00844650 -0.20747191
-0.24566746 0.09199499 -0.66124916
0.81337702 -0.15900408 -0.60183674
-0.86548603 -0.17795357 -0.45481703
-1.18009782 -0.01496499 -0.20174675
1.59093583 -0.03235773 -0.06761616
1.67534018 -0.01370418 0.19623533
0.16276990 0.13506016 -0.50049758
-0.02261115 -0.13375506 -1.42947185
-1.47769606 0.00370772 0.10290471
0.34168735 -0.11563868 -0.14826947
0.12126684 -0.11501927 0.35268739
0.19135402 0.11471953 -1.13964880
0.30213624 -0.10402231 -0.45414996
-1.58655298 -0.15315430 -0.05573045
-0.78994495 -0.06947196 0.03407938
-0.09203038 0.16618815 -0.00280836
0.14388497 0.16250047 -0.36509967
2.34763193 0.06813139 0.48311594
-0.48178092 -0.09260673 -0.32606146
-0.17736501 -0.06060005 -1.59482467
-0.08842031 0.03738020 1.45531642
-0.24262996 -0.01516419 -1.31768250
-0.33529174 -0.10512019 -0.58404422
-1.16471934 -0.01074000 -0.19745167
0.30723393 -0.13148551 -0.10738868
-0.96139562 -0.10127492 -0.25515053
0.05511623 0.03841925 -1.67046940
-1.03202653 -0.05237620 -0.35148570
0.94949597 -0.02869615 -0.07780226
-0.91465670 -0.08208016 0.05069215
-0.13909128 -0.15335964 0.09032197
-0.07754327 -0.13519120 -0.93406850
0.23916450 0.02552570 -0.22628957
-0.87072873 0.07452414 1.62614965
-0.05904022 0.35556751 1.23603451
0.21797930 -0.04123982 -0.17486693
-0.01029822 0.45071137 1.62733018
-0.18395810 -0.19059831 0.02961773
0.27797690 -0.21110108 -0.20974465
-0.13127723 0.15063019 0.85941476
0.22109230 -0.07807975 -0.75401616
0.99663806 -0.02700970 -0.04921126
0.12689005 0.14317025 0.28745565
-0.02956937 -0.14917687 0.12145744
0.22142754 -0.03833836 -0.17528142
-0.16573219 -0.06966800 -1.57209849
-0.12413493 0.04001454 1.30786467
-0.35165936 -0.17853102 -0.26994860
0.03422679 0.18227457 -0.72389144
1.28157961 -0.06470630 0.08345997
-0.23062348 -0.01162159 -1.30874920
0.08675315 0.14102599 0.94394922
-0.20085123 0.10664750 0.14732638
-1.05474257 -0.04276697 0.05459333
0.37637141 -0.10868569 -0.34775573
-0.07007191 0.17975421 1.12829566
0.00922007 0.36802667 1.25923133
1.54367650 -0.05007338 0.06693771
-0.26839769 0.02505539 0.22078170
1.46062791 -0.00517845 0.23095827
-0.26157969 0.08701394 0.47006688
-0.03369549 0.44102880 1.46084058
-0.85927975 -0.07820979 -0.37908515
0.95693779 -0.19390108 -0.44381896
0.33272371 -0.10271545 -0.12812071
-1.50630283 -0.05385853 -0.21803759
0.06591181 0.17710294 0.49968633
0.12024385 -0.12022668 -1.07825911
1.68231511 0.02523945 0.14888330
1.09466207 -0.04533027 -0.06825337
-0.24936612 -0.03690873 0.31391224
-0.46126476 -0.09314824 -0.46362200
0.16446392 0.07373902 -1.43640828
-0.02645910 -0.05019652 1.22139239
0.33704314 -0.13728130 -0.10257968
0.67859381 -0.09054630 0.03306499
-0.00619591 0.19339240 -0.92279506
0.80834717 0.08419798 1.52547073
-0.00541002 0.17539495 -0.64183939
-0.86263561 -0.12792301 -0.66097599
-0.13313141 0.14775091 -0.32631040
0.54494870 -0.04181822 -0.55283505
0.65657973 -0.06776400 -0.04788937
0.17449431 0.13048540 0.22999193
-0.02172078 0.13357443 1.58865774
0.04310076 -0.15281673 -0.95140672
-0.02568634 0.58636844 1.44212413
0.09552880 0.14111072 -1.33720338
1.52825332 -0.09542300 0.10794135
-0.13176537 0.16893214 0.69262719
0.21482866 -0.06746070 -0.76263672
0.05751998 -0.13367572 -0.94706994
0.34275138 -0.11406066 -0.15278292
0.00579582 0.22364336 1.31891441
0.59845626 0.09826927 1.33588588
1.76749277 0.01282135 0.25404054
0.02127605 0.42005828 1.29992473
-1.35306609 -0.03099978 0.18481556
-0.86004263 -0.15697719 -0.39373267
-0.46126303 -0.08274580 -0.28657642
0.17472172 0.00607913 -1.51440597
0.68210405 -0.07973715 0.02101452
0.00354411 -0.08248489 0.93350846
-1.57179105 -0.04139305 0.14964250
0.08883399 -0.14737530 -0.52980942
-0.23192582 0.03707578 0.79068679
0.69782978 -0.05005393 -0.52565819
-0.15974124 0.13275175 0.86075550
-0.05606417 0.19478850 1.13453281
0.33704314 -0.15315621 -0.08590478
-0.19446202 0.01567495 -1.54421735
0.70548248 -0.03868555 -0.51368922
0.23212805 0.01466781 -0.66342872
-0.04159629 0.26984543 1.35064864
-0.14828937 0.15273628 -0.38435948
1.81599534 0.01288276 0.09474093
0.02104904 0.22298634 1.33855832
1.96997166 0.02759773 0.18881029
0.45489222 -0.14797738 -0.00793687
-0.11859006 -0.14189947 0.10674021
-0.04812070 0.16117229 1.28534687
0.05171071 -0.07453817 0.89121723
-0.13451424 0.16061471 -0.33107218
-0.17881311 -0.07682928 -1.58317983
0.21536471 0.00182949 -0.60695106
-0.22322565 -0.06188463 0.50354844
0.08696841 -0.13813062 -0.51075429
-0.46485266 -0.09394945 -0.10382516
0.14239742 0.04994805 -1.53292680
2.40236783 0.03558432 0.62936503
1.23623526 -0.01584854 -0.09359259
0.17187005 -0.00195772 -1.49026406
0.21000133 0.06253251 -0.52185309
0.62010467 -0.04764492 -0.51327658
1.66722858 0.03182387 0.14338468
-1.38746059 -0.05159527 0.13558878
0.35575408 -0.21176037 -0.19175111
-1.05277801 -0.14983092 -0.48498473
-0.82532018 0.08584497 1.46454358
-0.04727776 0.38237092 1.50294745
0.13653667 -0.06108715 -1.64144099
-0.48396620 -0.09451782 -0.10921394
0.70819426 -0.05295813 -0.51285696
0.21375477 -0.08540335 -0.31086308
-1.62282252 -0.14328162 -0.24516055
-1.86439276 0.00624092 0.31850502
-1.33042228 -0.04575943 0.18231656
0.75953722 -0.07280751 -0.00209050
0.56376815 -0.08963519 -0.44205251
0.17419204 -0.00330929 -1.48959017
-1.61108935 0.00582839 0.30751759
-1.17041552 -0.07332324 0.20890288
0.10802773 0.14881855 -0.41379410
-0.06512357 -0.23660012 -1.55293894
-0.12201256 0.18150212 -0.02384925
-0.86231107 -0.05150529 -0.38309851
-0.04406559 -0.12464599 0.26038736
1.90662658 0.00597341 0.46352160
-0.23689941 0.00243945 -1.09499323
-2.14312673 0.04627560 0.41477397
0.09335173 0.16040798 0.01012929
0.64788944 -0.06381755 -0.55318683
-0.48239392 -0.05548809 -0.45159063
1.90015376 0.01778472 0.45912170
-0.04325189 0.21184564 1.43903756
0.46784359 -0.05453706 -0.38401467
-0.19730364 0.08088017 0.87465662
0.40591520 -0.06487925 -0.47747138
1.55109799 -0.01815091 0.00708579
0.15563367 0.11495045 -1.20993352
-0.89282775 -0.17081238 -0.35685796
1.49975419 -0.05237620 -0.04968810
0.45315579 -0.14370237 0.00623047
-1.81601012 -0.00982011 0.35610977
-0.04334061 -0.13872099 -1.43321669
0.95719665 -0.04931158 -0.36563131
-0.87713021 -0.06655547 -0.60827512
0.03319372 -0.11529975 -1.69501638
-0.20845385 0.12483006 -0.78479570
0.78221238 0.10105529 1.52950799
-0.23931833 -0.05606347 -1.11379492
-1.02665675 -0.08178090 0.26494128
0.15138443 0.15474787 -0.93013626
0.41071588 -0.10026888 -0.24159479
1.48313844 -0.03476894 -0.10926440
0.83759922 -0.08049487 -0.40672234
1.66269827 0.03199865 0.15256454
0.60663259 0.07824907 1.35213923
-1.04355574 -0.05710811 0.03655802
-1.07560444 -0.07714258 0.16163184
0.77083153 -0.07726508 -0.24132919
-0.22665225 0.11649495 -0.58386010
-0.24720691 0.05656362 -0.17541580
0.15774342 -0.06661782 -1.51022422
0.15795444 -0.22824195 0.01850660
-0.13372061 0.15772337 0.76408678
0.01005935 -0.14382561 -0.25624141
-0.22669668 0.07862008 -0.10493739
0.11294452 -0.13804853 0.38571602
0.13709347 -0.15602800 -0.11120178
-0.02699845 -0.14924157 0.11090636
-0.00111200 0.44783983 1.35337794
-0.96808553 -0.08985622 -0.28006852
0.34539881 -0.11345408 -0.13624853
-0.22580037 0.09621914 -0.03674000
0.17050555 0.12425721 -0.48502219
0.20271115 0.08702233 -0.75348771
0.21373622 0.05094927 1.12453544
1.27309728 -0.03934778 0.07153328
-0.10007244 -0.13084391 0.30401459
0.15360054 0.12398249 0.79655486
0.20841368 0.08920727 -0.73775816
0.55347627 -0.09189022 -0.17365985
-0.06116281 0.25124449 1.20797026
0.15793382 -0.03971019 -1.40034080
-0.07000407 -0.13063934 -0.92416793
-0.21214896 0.01178505 -1.54720640
0.33575156 -0.06675988 -0.34783083
-0.23231293 0.08364297 -0.04308641
0.03596436 0.17337020 -0.25224894
-1.59557283 -0.03614664 -0.07507152
-0.20140225 0.11575695 0.13607438
0.76433837 -0.12801637 -0.14763449
-0.04983329 0.18041542 0.78534836
-1.20927250 -0.01177924 -0.06607410
0.32179353 -0.13999982 -0.09361723
-0.09659650 0.04719291 1.46470594
0.54552984 -0.10511816 -0.03072874
1.59735858 -0.01792083 0.26280835
0.67570335 -0.05962001 -0.42067146
0.68818504 -0.08644332 0.08331607
0.15449999 0.14857191 -0.55252886
-0.20543581 -0.06502708 -0.07757568
0.84579819 -0.03863324 -0.43687248
-0.36902559 -0.17656241 -0.26937011
0.07008214 0.03351269 -1.68818724
1.19917560 -0.00682272 -0.11008613
0.16139917 0.10890534 -1.13755131
-0.78735244 0.08871879 1.48263097
-0.49665907 -0.14353479 0.03975760
-0.47662234 0.09798228 1.41989839
0.08792560 0.16402650 0.63928652
0.13043362 -0.05188415 -1.56851876
1.32708895 -0.02281935 -0.16269124
0.09254371 0.16449913 -0.54657692
-0.18237647 -0.19205238 0.03506543
-0.25924489 -0.01897941 0.47157338
1.59879267 -0.13927938 -0.07897443
-0.10976551 0.04681263 1.31581438
-0.08900947 0.06480269 1.48462749
1.32630420 -0.03077848 0.30548707
0.03621913 -0.15641911 0.13524613
-0.24938294 0.08246018 -0.03535008
-1.00204921 -0.04877161 -0.35704267
-0.90240127 -0.08693772 0.04264084
-0.96759671 -0.11426631 -0.26075575
-0.22866346 -0.04936128 0.50418097
1.03787816 -0.06456585 0.18680890
-0.86331922 -0.16456558 -0.45682079
-0.10172102 0.05504619 -1.64065146
-0.23228416 0.00338878 -0.72141439
1.09356141 -0.05195019 0.18343595
0.11999264 0.13404693 -0.86107260
-0.49572122 0.05947145 1.25222492
-0.02028144 0.06030304 1.64684081
-1.48523009 -0.03066530 0.22993183
-1.05646777 -0.06813156 -0.12640880
0.19504020 -0.04494235 -0.63408166
0.36930144 -0.10986001 0.02906404
-0.74837244 -0.03512989 -0.43510154
-0.26127329 0.06886038 1.43329108
0.10759219 0.15359080 0.70824671
-0.60916156 -0.04491115 -0.52668536
-0.14456978 0.05476367 1.25236189
-0.55233294 -0.10248296 -0.21922067
0.09819257 -0.11672963 -1.08078575
-0.64248538 -0.08297776 -0.28942576
-0.48096392 -0.04786926 -0.56590164
-0.09382029 0.03483398 1.30606234
-0.23945962 -0.02930423 0.38539764
0.15928881 -0.03690502 -1.40620613
0.16556253 0.12016595 -1.13206780
-0.14176078 0.15729810 -1.20720470
-0.03761805 -0.13844424 -1.41778743
2.05889058 0.03029530 0.36985052
-1.03425097 -0.16789144 -0.39049435
0.17713353 -0.01026826 -1.48723865
-0.17530599 -0.09846307 -1.48980451
-0.16464156 0.08757307 0.94980681
0.13626443 0.06938015 -1.53650105
0.10587559 0.17891921 -0.29099619
-0.20399250 -0.12057703 -0.59694487
-0.63368475 -0.09129103 -0.29464409
0.43968090 -0.14223742 -0.18679838
0.17100693 0.14403847 0.39934906
-0.92931235 -0.08417871 -0.17223184
0.00993053 0.15567465 1.22674501
0.83077431 -0.16923635 -0.63033092
-0.09093115 0.17511016 -0.51454139
2.43789124 0.02702664 0.62871313
0.03103742 -0.11340833 -1.65935111
-0.30778605 -0.18347238 -0.28906491
0.19036561 -0.03443611 -0.63157374
0.07182369 0.16759641 -0.85659671
-0.06037074 0.07474671 1.54330409
-1.05007625 -0.03021596 -0.36461926
0.02063939 -0.14756292 -1.45831656
-0.26417214 -0.00628591 -0.72271562
-0.07769399 0.14179660 1.30942857
-0.09817807 -0.10565067 -1.50515401
0.15470417 -0.15462610 -0.05547623
-0.87600505 -0.05656669 -0.00514715
-0.26568970 0.07068203 1.36569464
-0.89655721 0.07313447 1.61751556
-0.10369679 -0.07156292 0.86880314
-0.16968191 0.07534901 1.17462730
-0.05861986 0.05804511 1.59440243
1.19252443 -0.01019318 -0.09813049
-0.26526529 -0.01536874 0.47590426
0.18856747 0.12667345 -0.50123405
0.04326764 0.17794701 -0.01307092
0.04348171 -0.14249299 0.00886803
-0.20216481 -0.14115162 0.06977244
-0.14201520 -0.14648399 -0.47872230
0.19741470 -0.15111785 -0.34773198
-0.26493293 -0.00842694 0.48808482
0.07119758 0.16231124 -0.86255085
-0.12416080 0.16551195 -0.81950873
-0.17837726 -0.06795459 0.66804039
-0.15872501 0.13386142 0.61601442
0.50252157 -0.05716933 -0.50714910
0.56760526 -0.06664691 -0.17398931
-0.79192293 -0.08155341 -0.39852259
-0.03200505 -0.15526591 0.10370450
-0.01301879 0.19242136 -0.93018013
-0.21986258 0.10097587 -0.74671215
-2.10268569 0.03362168 0.35910648
-0.20130822 0.05087027 1.07421851
-0.97411656 -0.16571434 -0.63505530
-0.21158469 0.09649905 -0.58109432
0.78825045 0.08995406 1.52326787
-1.49361420 0.01449555 0.06592190
1.54948509 -0.04691551 0.07535151
0.22139950 -0.05161288 -0.76976222
0.42845097 -0.04995051 -0.65004766
-0.14450046 0.17112410 0.63964933
0.08759717 0.09694114 1.22515428
1.75504303 0.01484672 0.25702938
0.07829458 -0.13721804 -0.50632727
-0.96130127 -0.07304432 -0.40341556
-1.61934483 -0.00496377 0.29802597
-0.00881101 0.59423786 1.41899729
-0.23981559 -0.00115224 0.22290702
-0.24071145 0.06560975 -1.07366514
-0.20207900 0.08414765 1.06055272
-0.68791956 -0.05204991 -0.55229163
0.81659567 -0.12097824 -0.48750910
1.55904067 -0.08147589 0.03475724
-0.95439434 -0.09606624 -0.28268674
0.08105682 -0.04020749 1.05954003
-0.47806090 -0.08563583 -0.33106235
-1.04894185 -0.02577063 -0.16418548
-0.47401473 -0.15971720 -0.10560930
0.06865178 0.02928158 -1.69355643
-0.05453014 0.32733145 1.38323307
-0.24267428 0.08071164 -0.66368616
1.97998309 0.01744140 0.19877911
0.66363537 -0.02801418 -0.31107092
-1.66032255 0.02359585 0.05644606
-0.16051781 -0.08322132 -1.48711598
0.66220468 -0.06198277 -0.53718090
-0.24331652 0.08510520 -0.09722082
-1.38457084 -0.01336734 0.01259450
0.82795835 -0.10315844 -0.46599153
-1.62090313 -0.14515907 -0.22549886
0.03106905 -0.14128748 -1.43103039
0.19203764 0.12780568 0.21201658
0.37965554 -0.06806724 -0.67959702
0.12108145 0.15492007 -0.42719629
-0.19331385 0.12052814 -1.26601517
-0.15240759 -0.10806801 0.41692051
-1.48537886 -0.11664837 -0.00301311
0.45897427 -0.15268148 0.00688910
0.19496016 -0.01888994 0.19176424
0.68411654 -0.06186470 -0.41399926
0.03536424 0.26493916 1.26222849
-0.89573801 -0.08584780 0.03577792
-0.21091752 0.10660834 -0.80817103
0.03869708 0.18307814 -0.24359579
1.65019834 0.03109039 0.15981504
0.82827193 -0.09276577 -0.44638410
-0.06318262 0.17405266 1.26375341
-1.04426658 -0.14327979 -0.48831707
-1.58404517 -0.02721297 -0.07281843
-0.79387999 0.06866247 1.47588730
-0.23823114 -0.04709459 0.29097167
0.18309253 0.11415287 -0.56081975
0.21809517 0.02108322 -0.65706527
-0.20446375 0.08000923 -1.33205020
-0.19371714 0.10320550 0.96690887
0.51632601 -0.10203043 -0.38428363
0.63015074 -0.06327842 -0.54346651
-0.04756066 -0.10987721 -1.74710298
-0.02133855 -0.15206948 -0.31447220
1.29748535 -0.05391549 0.08654240
-0.07530133 0.12140881 -1.52471328
0.15247077 0.08562270 -1.44109416
-0.23202829 -0.02403081 0.39434293
1.66354799 0.00459379 0.15858443
-0.34566608 -0.09838521 -0.59389520
-0.16393231 -0.08064985 -1.48473227
-0.86484182 0.08307038 1.63327777
-0.48369962 -0.13001649 0.05211837
0.95325780 -0.18613091 -0.44535953
-0.88171178 0.09892032 1.62254155
0.16192426 -0.14156926 -0.72843510
-0.04677858 0.36404693 1.21383488
-0.18968774 0.12643790 0.49347159
0.03118754 0.42356920 1.32760036
-1.51509762 -0.06136495 -0.30154034
0.13452946 0.14750947 0.25224927
0.86733013 0.08879310 1.60038185
0.10068332 -0.10540546 0.39194703
0.60464942 0.07420471 1.58708394
0.67594659 0.07113325 1.53790152
-0.25813642 0.04752702 0.21197769
0.08595507 -0.01499102 1.07573056
-0.20375803 0.07352182 0.86490774
-1.32358098 -0.05277411 0.16866438
-0.22371387 -0.14787602 0.06928699
0.49427345 -0.06500185 -0.36475036
0.03066330 -0.18065555 -0.27030683
0.60460496 -0.02315064 -0.49462414
-0.08432542 0.13842790 1.31506050
-1.17854619 -0.04998380 0.21989182
0.13764356 0.13127331 0.27378675
-0.04905138 -0.09376152 -1.74360561
-0.07944695 0.02665418 1.35384548
-0.14130482 -0.12067340 -0.97879910
0.51952499 -0.05744729 -0.43229321
0.22956753 -0.06123783 -0.77969044
0.05159444 -0.13893530 -1.49861145
0.02506559 -0.12236276 -1.44087350
0.24129669 0.01415065 -0.22165480
-0.05382757 0.07734112 -1.61438715
0.95810103 -0.18792084 -0.45569560
-0.24413644 0.07224909 0.46880069
-2.01257205 -0.00607926 0.41682035
0.22822286 -0.02399416 0.09259739
0.11607023 0.16314501 0.07295640
0.09206480 -0.20713642 -0.01536695
0.03419106 0.05104649 1.48480439
-0.16269241 -0.00605236 0.84105402
-0.06999104 0.36445439 1.24940598
0.04297398 0.16533917 -0.73035455
-0.22894312 0.08135624 -0.67673171
-0.22136056 0.03846011 0.76894748
-0.35183990 -0.04269158 -0.67574626
0.08576541 0.13792801 -1.25323832
-0.06199357 0.19911800 -0.22592732
0.05187514 -0.13993596 -0.76655227
-2.31487346 0.04344267 0.38579661
-0.87034649 -0.03115428 -0.25431100
-0.07649662 0.19007492 -0.21865052
-1.04301822 -0.06526436 -0.13876739
-0.22725588 0.07478786 -0.01969433
-1.59315109 -0.01947687 0.31044880
0.07784799 -0.11484264 -1.15229714
0.20398767 -0.00130874 0.06992073
0.03785986 0.07883510 1.57809079
-0.02970124 0.52659178 1.33300662
0.96161646 -0.05288220 -0.35191691
1.19926763 -0.03735881 -0.14427817
0.12278410 -0.05860461 -1.57780099
0.74885398 -0.09178577 -0.25589448
-0.21574526 -0.08143042 -0.86067790
0.99273223 -0.11084832 -0.52560872
-0.14296502 -0.15474921 -0.47326761
0.19199061 -0.04496228 0.41300380
-0.16561475 -0.19718967 0.04324230
0.20110476 0.09409540 -0.38376328
0.77743113 -0.08250377 0.06074715
-0.04180854 0.05063201 1.59803915
-0.18740831 0.14074302 -0.62458092
0.27507794 0.06514578 1.35712957
-0.15013154 0.05864905 1.42904055
0.04175662 0.16554958 1.23031497
-0.15965885 0.16421951 -0.39891717
-1.46444440 -0.05511263 -0.25503334
-0.87236315 -0.08753662 -0.60098916
-0.04150109 -0.15273467 -0.33218259
0.11442921 0.14240368 0.69228739
-0.25980574 0.01340692 0.43088037
1.67797697 0.02051517 0.15153289
0.02892465 0.19337499 -0.26546338
1.12900412 -0.02536233 -0.01635372
-0.26016712 0.08481308 1.35189593
0.01977320 0.43489948 1.36166561
-0.21166135 -0.13533100 -0.62135822
-0.15384331 0.13750117 -0.39610159
-0.89153451 -0.08124152 -0.58293301
0.08824557 0.14059657 -1.33483255
0.00688755 0.14174040 1.40710437
-0.19223547 0.14856988 -0.62368584
-0.09099002 -0.15813860 -0.37031370
0.35826105 -0.22699706 -0.17695886
0.56578493 -0.09331702 -0.02972104
0.20034598 -0.03325319 0.20943032
-0.33400047 -0.05634001 -0.71475834
0.14459665 0.16712107 -0.55122703
0.20145711 -0.13824888 -0.32588124
-1.37994659 -0.02576698 0.13572752
0.16625097 0.13611326 0.41611660
-0.13269487 0.04433500 1.25672901
-0.51552081 -0.04846435 -0.52319562
0.21821709 -0.05474804 -0.62570143
0.20047444 -0.03975403 0.21247868
-0.84905630 -0.13180631 -0.44412857
-0.72976738 -0.09585970 -0.35042936
-2.12801719 0.02031069 0.50177002
-1.03882682 -0.03317811 0.04729077
-0.04435948 0.45153564 1.45443404
-0.15502585 0.06547163 1.42395639
-0.83793312 0.09153004 1.48544419
0.14989184 -0.14315170 -0.11286081
1.57163990 -0.02764731 0.07670783
-1.38867652 -0.02787395 0.16630791
0.34905109 -0.08277360 -0.50951385
0.79331732 0.08593669 1.53328288
-0.03501772 0.34473771 1.25193346
-0.04919687 0.18386069 1.13647521
-0.23726961 0.03321164 -1.04485810
-0.77052128 -0.02121791 -0.43915039
-0.25750208 0.07038018 0.45212489
-0.24856818 -0.00740227 0.22698994
0.21479954 -0.03867675 0.19064425
-0.00418785 0.19635658 -0.63665545
0.85171878 -0.20017670 -0.68957978
-2.17090702 0.02240198 0.28920683
1.53051484 -0.02587442 0.07991582
0.00067912 0.42955440 1.34918416
0.04534220 -0.13617025 0.14656417
-0.23178922 0.11646558 0.15698248
-0.03895802 0.19092588 0.75871700
-0.14168267 0.12968440 0.85772479
-0.16363685 0.11850495 0.96510369
0.01642585 0.59534669 1.55764329
0.05396898 -0.12476534 -1.48580873
0.18995069 -0.03778814 -0.62408131
-0.19093557 -0.14069016 -0.62016869
-0.06247329 0.32682842 1.23483658
-0.20520622 0.11780726 -0.18783329
0.53856945 -0.07781927 -0.44499984
0.04774180 0.20762503 1.12546349
0.32467955 -0.08559050 -0.63348448
-0.08469258 0.17521848 0.18844081
0.11014191 0.17109323 0.70718944
-0.24394670 0.06932137 -1.06888211
0.26223776 0.07251903 1.42436433
0.17926241 0.10614505 -0.55958802
0.42733252 -0.05453180 -0.65627587
-0.04275056 -0.14310312 -1.25963688
0.17521815 0.01106393 -1.50489283
0.60101771 -0.03998695 -0.50390118
-0.95157498 -0.05924243 -0.45920056
-0.25820556 0.04248817 -0.83767217
1.50077951 -0.13482267 -0.23403721
-0.91646218 -0.20354812 -0.48858249
-0.91394591 -0.20265724 -0.49295565
0.69117200 -0.06763653 -0.42859790
0.10094237 0.15622409 -1.25446916
0.03456232 -0.13241708 -1.43327510
-0.59770012 -0.04488376 -0.53562772
0.04336323 -0.14973029 0.00251909
-0.05132949 -0.07947936 0.88731873
-1.49898756 -0.12440458 -0.00146213
-1.50707269 0.00570522 0.10704689
0.83329022 -0.17858155 -0.63466787
-0.94028330 -0.04295138 -0.45685908
-0.46857116 -0.07885392 -0.33447143
0.66929603 -0.04744781 -0.33611065
-1.48619151 -0.11233375 0.00061444
1.66451919 -0.02120019 0.21194838
0.49821123 -0.13601023 -0.28590977
0.11191308 0.02079248 -1.65577936
-0.31057164 -0.20854850 -0.28334162
-0.05669592 -0.16268860 -0.51850808
-0.06029138 -0.13381110 0.48772925
-0.08174841 0.15170786 1.32059610
1.52843547 -0.00603823 -0.00655512
-0.23759075 0.06310699 0.13238479
0.17336930 0.07942326 0.69696027
0.54575300 -0.06638549 -0.18638176
0.04716865 0.06886058 1.49079204
-0.16127495 -0.13719177 -0.70685601
0.09500758 0.12814076 1.20466387
0.68753958 -0.06026848 -0.31970310
-0.01686261 -0.14521079 -0.97393751
0.15991728 -0.17205147 -0.19483870
-0.02757644 0.03549866 1.57025754
-0.06675547 0.22447994 0.98728728
0.66767132 -0.05444664 -0.31399071
0.04146530 -0.15079238 0.16177514
0.13237038 -0.22460438 0.02718776
-0.85342276 -0.06115732 -0.37819254
-0.89558995 0.08003461 1.63005948
-0.16417703 -0.15536296 -0.72283018
1.46741474 -0.01395889 0.26867530
1.76706505 -0.00344802 0.13491525
0.10824519 -0.02938543 1.08083606
0.67029858 -0.04995928 -0.30891240
-0.14840759 0.16318153 0.75521451
0.73258919 -0.04153764 -0.41377062
-0.21404684 0.09866277 -0.75077558
0.60780823 0.08265192 1.58585572
0.88065290 -0.04034702 -0.40364358
0.50390464 0.07515976 1.55264509
-2.14095426 0.02465715 0.32301626
0.21470667 -0.08206782 -0.74651331
-0.20034753 0.13772470 0.12473571
1.24771249 -0.00743511 -0.08312826
1.57271814 -0.15155962 -0.30630851
-0.20652841 -0.14110273 -0.61376977
0.60840845 -0.03798261 -0.51192182
-1.02783072 -0.15071717 -0.37214923
-0.85802466 -0.07352776 -0.06140167
-0.14378241 0.04307471 1.25087571
0.08173547 0.18299808 -0.86091810
-0.02286505 0.12126420 1.56677651
0.22296062 -0.03074936 -0.81143624
1.45996690 -0.03404322 0.24452633
0.50526750 -0.04141451 -0.49227330
1.46845722 -0.04661220 -0.10420907
0.88224059 -0.16103265 -0.68228090
-0.12290858 -0.15290530 -0.36672857
-0.04978435 0.18229635 0.20429377
-0.97603500 -0.08121818 -0.58755529
-0.86301142 -0.17903008 -0.44420797
0.21672367 -0.11465196 -0.75622481
2.32815552 0.06861095 0.46590978
0.02340346 0.05468739 1.58963466
-0.02896437 0.19793597 0.88545537
0.13641122 0.12063159 -1.20015359
0.58408761 0.07678020 1.33211040
0.07384091 0.17016110 -0.84987396
0.15740632 0.12642372 -1.18779933
0.01235512 0.26798889 1.27685595
-1.56759572 -0.03141403 0.00840393
0.15357642 0.13223766 -1.15041196
-0.23393300 0.06871080 0.11437565
-0.18429936 0.11724100 -1.25978553
-0.37209460 -0.13399556 -0.12060000
0.49739844 0.06777523 1.26470673
1.03367686 -0.06792434 0.20006764
1.62129951 -0.04504760 -0.20916179
-0.08396243 0.01062144 1.35294509
-0.35960683 -0.10808785 -0.32468557
0.40559956 -0.12761998 0.02739469
0.99349940 -0.04396534 -0.05969245
-1.02912343 -0.04314942 -0.34744042
1.52107632 -0.09653651 0.08228387
-0.26979524 0.05462118 1.34787345
-0.86980873 -0.06793744 -0.36662629
-0.36072206 -0.10563371 -0.56823200
0.39659521 -0.06155439 -0.48164400
-0.03594287 0.41537914 1.52152872
0.56714308 -0.04618209 -0.53653508
0.05990242 -0.12455012 -1.49148512
2.40936780 0.06684200 0.59185874
0.70367044 -0.09834410 0.00618718
-0.08443027 0.14974956 -1.20908892
1.51676655 -0.00167102 -0.01494825
-0.15678672 0.04493801 1.25883198
0.35152230 -0.21267608 -0.19445197
0.70029426 -0.05785023 -0.51627684
0.00813537 0.36110407 1.27153802
-0.02388481 -0.13944858 -0.98277134
0.52411634 -0.08656494 -0.38188767
-0.26264489 0.05645730 1.33567810
-0.05080971 0.17972039 0.19486791
-0.01049964 0.55342138 1.67180431
-0.01144090 0.65723121 1.73912466
0.16519068 0.12630324 0.23181328
0.17078567 -0.13449474 0.26470357
0.17570348 -0.08565702 0.33478862
0.23854354 0.06126761 1.43565392
0.14105023 0.15163927 0.27777550
-0.10000046 0.04823967 -1.63307178
-0.07880872 0.15370272 -1.20972466
0.11448030 -0.16081473 0.27270833
0.68581516 -0.03792956 -0.33059409
0.31920746 -0.13133332 -0.08213636
-0.14715305 -0.10823308 -0.99307543
2.34587884 0.06617671 0.47502083
-0.04396825 0.40305239 1.50064850
-0.00870103 -0.14758496 -0.04527743
-0.23593645 0.07217234 -1.06266820
0.99792111 -0.04274695 0.02649594
-0.99369204 -0.04779081 -0.34900397
-0.44742033 -0.09207378 -0.29897222
0.11197212 0.17282735 0.05924778
1.61657834 -0.02450188 0.26386830
0.10718268 -0.19335303 0.00174107
-0.11466928 0.14770292 -0.32975441
0.01904020 0.57708371 1.48400736
0.19244693 0.11973634 -0.56457663
-0.13121998 -0.09200087 -0.98798960
0.33846062 -0.12865596 -0.13768871
-0.54867905 0.05371441 1.35302472
-0.88041830 -0.13157785 -0.68318623
-0.15005951 0.15937825 0.63153791
0.60222083 -0.02972795 -0.49898914
0.24334425 -0.07591488 -0.52630347
-0.20807219 -0.07027082 -0.07971013
-0.98735428 0.09298543 1.63072014
0.19120690 0.08961552 0.69162697
-2.12165499 0.00641945 0.52702588
0.33611816 0.05459219 1.28758359
0.21458003 -0.05906153 -0.78420961
-0.73090976 -0.07637819 -0.33745062
-0.76709169 -0.12483750 0.00260780
0.01180462 -0.17585565 -0.26469359
-0.12620650 0.05075767 1.25142789
-0.24473391 0.06055729 -0.17995273
0.93637043 -0.04640094 -0.06179117
-0.02533677 0.58156228 1.42522132
0.16659294 0.13279024 -1.17885768
-0.12613234 0.14532804 0.85813570
0.09112032 0.15642652 -0.43864205
0.66441911 -0.11610575 0.08693751
0.20559372 0.09916390 -0.36705735
-0.27190924 0.01589341 -1.06654382
0.78354365 0.09548859 1.52616417
0.48901486 -0.09697334 -0.03243711
-0.24385878 0.07597288 -0.09573512
1.37248492 0.00643871 -0.14665917
-0.22053112 0.11502194 -0.79943132
1.44773006 -0.07362811 -0.28136441
-0.35139081 -0.07858865 -0.29846403
-2.21453834 0.04269924 0.56416559
0.55932993 -0.08907289 -0.43394709
-1.01171768 -0.04719743 -0.34025359
-0.90535808 -0.07241902 0.05581373
-0.05457573 0.21565235 0.94863069
0.18551587 0.11616618 0.23492990
0.22644724 -0.06711793 -0.50542235
0.75920546 -0.04000396 -0.36255273
-0.06842029 0.07054470 1.56911719
0.06876987 0.01777834 1.36952305
0.49748278 0.06872076 1.25959408
-1.49176478 -0.01773116 0.22415265
-0.21747862 -0.07040596 0.50864780
0.13237038 -0.21712206 0.02058214
-0.03699766 0.47976840 1.50537443
-0.12982938 0.15094693 -0.31726781
0.10369238 0.14989141 -0.43347919
0.00769291 -0.14188088 -1.11974609
0.48960742 0.06962824 1.25871789
0.02884214 -0.15473428 -0.26288399
1.24890006 0.00095845 -0.00621885
0.19482563 -0.03933993 -0.14817059
-0.06208263 0.04677637 1.48965180
-0.06190005 0.08554296 -1.59549022
-1.06015027 -0.05434720 0.14763749
0.29318109 -0.23015679 -0.19316185
-0.07495854 -0.12244892 -0.94581544
-0.25662678 0.06094683 -0.15607432
-0.01653301 -0.11703897 -1.52126932
-0.89653921 -0.05391546 -0.02695216
1.61525798 -0.05487106 -0.14431228
-0.86519378 0.09286255 1.64112496
-0.52570975 -0.05123028 -0.51210552
0.47138751 -0.11294945 -0.25374043
0.90891051 -0.06308957 -0.47551462
-0.73554802 -0.07580677 -0.35085797
0.84997404 -0.18012446 -0.61691147
-0.11119626 -0.16395630 -0.38961786
-0.44714877 -0.12047599 -0.24427862
0.17274430 -0.05975287 0.65090668
-0.92356008 -0.07219505 0.02108595
-0.25139070 0.07155199 -0.66665971
0.18776071 0.01225980 -1.49571240
0.13533300 0.09915658 1.01875746
0.17599326 0.10408252 -0.54722816
-0.24154706 0.06217211 0.12066675
0.54125988 -0.11462319 -0.36450195
0.36762878 -0.09500779 -0.54638839
0.53262275 -0.08310850 -0.12104972
2.41885138 0.02369949 0.63339871
0.18685806 -0.14719096 0.24949045
0.10658320 0.16075397 -0.29243544
-1.49906588 -0.03418813 -0.22458480
1.43954039 -0.07355471 -0.27087057
0.21035671 -0.03169280 -0.82364267
-0.85705012 -0.11809570 -0.45684850
-0.16512387 0.16630620 0.76841289
0.95891017 -0.03614692 -0.36806053
-0.91056699 -0.07383176 -0.09226000
-0.46931973 0.07285725 1.24861574
-0.30239013 -0.17624630 -0.27449751
1.03599238 -0.05001843 0.19276416
-1.21843505 -0.03580112 0.03473374
0.75285792 -0.03306403 -0.42022634
0.23390268 -0.01313025 -0.80509800
-0.22622706 -0.12710410 0.09763420
-0.03593265 0.22770803 1.44114912
-0.57410949 -0.11084832 -0.23704475
0.72286260 -0.07499611 -0.32900703
-0.98768216 0.07689893 1.65417194
0.90848279 -0.08342475 0.12690039
-0.47591892 -0.06700314 -0.31074336
0.20377123 -0.09547123 -0.74824691
-0.02793559 -0.15742801 -0.04491391
-0.23247983 -0.00151064 -1.30850017
0.59260565 0.06315521 1.32951164
0.44087401 -0.10613068 -0.33987963
0.14395526 0.08605408 -1.42753458
-0.18216264 -0.12775633 -0.72077715
0.02026397 -0.01006324 1.32049131
-0.03818957 0.17049788 1.27753854
-0.00326428 0.03011165 1.65125358
0.21828245 0.04279840 -0.40960336
0.14526398 0.09101888 1.05643845
-1.04467237 -0.08115216 0.26512533
1.33052969 -0.02351815 0.27189395
0.33369982 -0.21104002 -0.19660525
-1.32746863 -0.03580767 0.19147366
-0.22323938 0.10583705 -0.56377399
1.03703260 -0.06503405 0.20304762
-0.22288699 0.07943896 -1.31740391
0.11188699 0.02431258 -1.66651285
-0.06901333 0.19227234 -0.17702013
0.54209310 -0.09597053 -0.41451737
0.15842111 -0.16199516 -0.05819539
-2.20469880 0.05053906 0.34496072
-0.18793881 0.12997603 -0.63660568
-0.58068466 0.07577352 1.59009838
-0.36095542 -0.14959149 -0.12215433
-0.06856395 0.07473071 1.54643404
0.33717284 0.05927097 1.28468502
-0.46771443 -0.09926088 -0.30357623
-0.03045274 0.20255193 -0.00065195
0.32745418 -0.07623370 -0.63059002
0.10552570 0.16822556 0.64050132
0.08746692 0.17054799 -0.02046902
0.45802239 -0.13249497 -0.19966163
-0.19450703 0.08881588 1.16724515
-0.48251826 -0.13521799 0.06020885
0.18647172 -0.16318373 -0.29036987
0.61096901 0.07126168 1.35600102
-0.24396779 -0.02002771 0.40536472
1.59152305 -0.08858972 0.02839415
-0.98820168 -0.17844880 -0.62288612
-0.11733776 -0.14055192 0.09721720
-0.07180684 0.06586525 1.49764967
0.34655744 -0.12997180 -0.29523924
-0.26672134 0.01997738 0.44143024
-0.14095275 -0.15207778 0.08931017
0.13795799 -0.09142188 -1.50101602
0.05678410 -0.15588339 -0.01379139
0.16061735 -0.16701998 -0.20188591
-1.04182768 -0.13144161 -0.49744469
-1.19066644 -0.02302543 0.05555720
-0.37708050 -0.18056363 -0.27319771
0.12044201 -0.20182572 -0.01611512
-0.30926624 0.06982269 1.10894358
0.39592150 -0.10062003 -0.36103258
-0.05045146 0.17410304 0.79294175
0.67904615 -0.09154348 0.01989736
1.44942713 -0.07908294 -0.27274436
0.13522866 -0.08277762 -1.51345992
2.38891363 0.05418055 0.58054578
-1.72605014 -0.00931286 0.19372739
-0.15916049 0.15883566 0.62063020
-0.16142862 -0.09762914 -0.98195732
-0.56265801 -0.10769817 -0.21888886
1.82080019 0.03048055 0.10675342
-2.09990597 0.00408234 0.33304709
0.61291838 0.07159434 1.35329807
0.64655042 0.07322676 1.54204595
0.68246698 -0.04107926 -0.34064233
-0.25645792 0.07735220 -0.64679819
0.14684799 -0.04393763 -1.56064332
0.77447897 -0.07437276 0.03751172
-0.90998900 -0.19557247 -0.37993562
-0.43696135 -0.11449227 -0.34327534
-0.25008309 0.06831111 -0.67171448
-1.14024794 -0.05448984 0.07929862
-0.02252199 0.46935511 1.49206495
-1.50955832 -0.04639436 -0.29552397
-0.06432658 0.36448017 1.30560338
-0.10329295 -0.08957559 -1.69730735
-0.25156543 0.03811552 -0.83962661
-0.14312433 -0.13847132 0.10578065
2.39927649 0.01956632 0.61420566
0.00946264 0.20357828 1.05207264
-0.07151695 0.09380194 1.55510974
-0.27875495 -0.13801320 -0.05811126
-0.05301100 0.09958524 -1.62550950
1.49532413 -0.05950623 -0.23615283
0.10698342 -0.12060433 -1.07075310
-0.28816542 -0.15162209 -0.06192009
0.21931395 0.05688980 -0.53801078
0.19517551 -0.05178113 0.08046335
0.19716436 0.08025344 0.68999910
0.05622625 -0.13300520 -0.77026677
0.16390908 -0.07028799 -1.58607662
-0.55834746 -0.09209837 -0.38539535
-1.39212239 -0.02876508 0.14422427
0.01159180 0.44158682 1.36662507
-0.88995320 -0.16365874 -0.38534164
0.05395050 0.17409900 0.00003510
1.60387552 -0.06116699 -0.22210816
0.45053768 -0.14339592 -0.19219078
-0.14836927 0.03847012 1.25289452
-0.61907876 0.08241273 1.55115473
-1.50632966 -0.01454210 0.20204705
0.31638804 -0.14222793 -0.30098775
-1.33978760 -0.01063054 0.21453556
-0.25835368 0.02928389 -0.84785503
-0.12306392 0.18243536 -0.81766212
0.46427572 -0.12882353 0.12259959
0.08670761 -0.15533163 -0.51315075
-0.85011536 -0.14238498 -0.40368718
0.14418161 0.09019718 1.00949717
-0.06378910 -0.14135885 -0.51646197
2.39317393 0.07972718 0.57364500
-0.44470605 -0.11343805 -0.16914439
-0.11885853 -0.15745145 0.09381378
0.87112635 -0.18790460 -0.66227335
-0.02830057 0.03820988 1.64652991
0.22075354 0.04956832 1.14269173
0.23180048 0.03312433 1.14027107
-0.20362252 -0.15419555 -0.31388876
0.02474356 -0.12619723 -0.93481296
-0.05139232 0.07745661 -1.60388243
-0.13327594 -0.13764679 -0.59235603
0.09770372 0.03890413 -1.64200854
1.56753206 -0.08908471 0.02571680
-0.75951916 -0.10979171 0.05569328
0.94323742 -0.03187956 -0.09322594
-0.01470573 0.61194301 1.43511629
-0.90660691 -0.17398384 -0.35474193
-1.05702937 -0.05640617 0.15098083
-1.43917406 0.01046756 -0.11163002
-0.12966676 -0.10748699 -1.57649577
-0.04860329 0.34681365 1.38950825
-0.14178836 -0.08860587 0.42681277
0.04252702 0.21602944 1.04512691
1.08742023 -0.07144039 0.19531722
-0.20170639 0.09715585 -1.30122459
-0.48519364 -0.12221619 0.06013338
0.65746695 -0.09206296 -0.06205295
-0.19109057 0.11620450 -0.79178911
0.16607809 -0.12783998 0.24201195
0.20624445 0.07611709 -0.65532494
0.74198496 -0.07831760 -0.31630814
1.45513570 -0.00662175 0.25453836
-1.58596027 -0.16573034 -0.05874745
-0.18762216 -0.02543426 0.83568668
-0.88997579 -0.07666495 -0.00770629
-0.22474840 0.08631147 -0.57567722
0.95636207 -0.17178291 -0.42947760
-0.05002455 0.17927949 -0.30468610
-0.91753089 -0.20801359 -0.50752401
-0.93095428 -0.04008808 -0.46909279
0.14862831 0.06241741 1.07917988
-0.03216413 0.04556143 1.57860470
0.13297959 -0.10447422 -0.94243240
0.14386395 -0.11648131 -0.95154214
-0.46665844 -0.08342125 -0.08854073
1.46108580 -0.05309952 -0.05987812
-0.25335923 0.08038713 -0.10297662
-0.17212820 -0.15084878 -0.71629161
-0.02150906 -0.14763607 -1.50898337
-0.21239097 0.09450874 -0.74129087
-0.11511300 0.18817542 -0.48156655
0.17183165 -0.12741119 0.22678304
1.13437557 -0.03456179 -0.00275377
1.25125504 -0.01213546 -0.09525983
0.15017796 0.12900019 0.81136340
-0.92400146 -0.08419784 -0.19086847
0.02791259 0.22229272 1.05126822
-0.35760552 -0.13106842 -0.14507137
0.82374460 -0.10734320 -0.42740738
0.05934095 -0.19843714 -0.11518013
1.92327523 -0.00473564 0.46608126
-1.49829865 -0.11172321 0.00952035
-0.94231445 -0.06958778 -0.44058260
0.54392499 -0.05443782 -0.55229139
0.14559205 -0.12051857 -0.74209791
-1.64497006 0.01908996 0.04833455
-0.19313477 0.02307814 -1.54558444
0.40311018 -0.03506354 -0.66930836
0.03673982 -0.01160749 1.31378663
1.91993737 0.00079977 0.46635398
-1.57486701 -0.14989215 -0.05019417
-0.19716583 -0.16972125 -0.31490195
0.31170526 -0.12452158 -0.29028106
0.38834298 -0.14056693 0.02070186
1.67796540 0.01942348 0.15516226
-0.06342935 0.31365654 1.22204888
1.67758083 0.00218923 0.19158156
-0.46213782 -0.09203660 -0.45136157
2.25835514 0.06044909 0.54239100
1.31262255 -0.03499410 -0.16953412
1.34597170 -0.02822512 0.27900779
-0.14469993 0.15197772 -0.39031968
0.12296367 0.09049545 1.07061517
0.70841533 0.08771568 1.44366288
-0.78157473 -0.10812224 0.01266271
1.53172231 -0.16609602 -0.08502942
-0.22473563 0.03071925 0.79178840
0.64777648 -0.09980815 -0.13956586
-0.23644075 0.03038290 -1.03127849
1.37850201 -0.00300018 -0.12371047
0.21055053 -0.04249781 -0.15377465
-0.36246017 -0.19465016 -0.26531243
0.04559121 -0.17057848 -0.00319386
0.21372475 0.07764523 -0.80353403
0.88058609 0.11103321 1.59530616
-0.74667585 -0.03483383 -0.45209521
-0.13279456 0.17983645 0.69852388
-0.19716366 0.11992580 0.50787848
0.03257394 0.44393519 1.34464669
-0.12930346 0.15075496 0.73833525
0.06537372 -0.19469416 -0.13037170
0.09903871 -0.11616367 -1.06631899
0.51980060 -0.04404562 -0.49362975
0.52793890 -0.06422851 -0.49109584
0.19140218 -0.13226783 -0.32224581
0.13377459 0.13636807 -0.94606864
-0.03464581 0.17252143 1.25437295
0.09726471 -0.19122550 -0.02189241
0.90487343 -0.06869634 0.13083607
-0.04301478 -0.22691485 -1.54398322
1.81606853 0.01621182 0.09529393
0.19501337 0.11779029 -0.57249254
-0.95423150 -0.05763466 -0.44070089
0.03011738 0.42169064 1.30582833
0.00381554 -0.14878696 0.38668242
0.02061412 0.23811536 1.26805961
-1.29320562 -0.07309108 0.23640360
0.22840077 -0.01481949 -0.80082804
-0.22740881 -0.11808355 -0.64582622
0.07728820 0.17642203 -0.55487102
-0.26271990 0.03596813 -0.72447795
-0.99141341 -0.17354268 -0.62396616
0.72948468 0.08519093 1.41134143
-0.12458392 -0.16398418 -0.10788185
0.21316043 -0.04294958 0.21224508
-0.03998698 -0.13980103 -0.51494551
0.53390938 -0.04034954 -0.55722833
2.38698459 0.04882114 0.60303897
-0.45326519 -0.10702275 -0.15887189
-0.20889488 0.10406262 -0.79318786
0.52671230 -0.06020395 -0.44077122
0.75949985 -0.10269339 -0.12290679
0.21260837 -0.07696269 -0.27361152
0.25133425 -0.20746420 -0.22569694
-0.01830759 0.19530311 -0.01692267
0.83447242 -0.07052238 -0.10558990
-0.52248687 -0.06091058 -0.51788944
1.14084721 -0.02055576 -0.03438914
0.61341655 0.07469891 1.58178604
-0.87009335 -0.17204472 -0.62701446
-0.11336955 0.16809639 -0.46405905
-0.23647828 -0.02529209 0.38972816
-0.22008315 0.12360717 -0.59288192
-0.23481201 -0.03032357 -1.10150826
0.72506934 0.09150586 1.43276012
0.01733364 0.30442691 1.49554396
0.12867184 0.10562831 1.01516354
-0.07448992 0.03430095 1.43317461
-1.20604002 -0.02694534 -0.07936332
-0.30137083 -0.22942850 -0.24089307
-2.20148540 0.01716833 0.54334915
-0.04919687 0.20745011 1.14847553
-0.07051395 0.34648454 1.29885769
-1.33816457 -0.03342431 0.19945721
-0.18359479 -0.12047417 -0.70723385
-0.05830755 -0.09037315 -1.73988712
-0.12132154 -0.07383717 0.86910039
0.15465216 -0.07973152 -1.50940597
1.45371068 -0.05356067 -0.03862248
-0.04507275 0.16527276 1.28072751
0.76868749 -0.07148457 -0.24988812
0.04514386 0.17183860 0.00386627
0.67147404 -0.07663272 -0.07884001
0.01698258 -0.12140599 -1.66148925
0.06115292 -0.14350697 -0.00944963
-1.48450458 -0.00066965 0.10503579
0.02150578 -0.15272078 -0.26145342
-0.55793947 0.05870966 1.34844601
-0.78659987 -0.06915084 -0.38568962
-1.87466145 0.00431348 0.28933829
-2.13821912 0.03962394 0.52845776
-1.05545700 -0.03211038 0.04018901
-0.07468111 0.04299761 1.44890451
-0.02433998 0.17790587 -0.01785817
-0.44403854 -0.10793136 -0.23867780
0.15853104 -0.04010731 -1.40513325
-0.05993922 -0.10105592 0.67050749
0.87532097 -0.06188931 -0.44215661
0.51431131 0.06497778 1.40848732
-0.95737898 -0.07008382 -0.00772496
-0.71972531 -0.07379407 -0.33623222
-0.44861785 -0.08061308 -0.44055450
0.18810703 -0.10562292 -0.33018872
-0.02725140 0.67243773 1.73325205
0.15319356 -0.16831972 -0.05718842
-0.84086734 0.07032108 1.49227405
0.09323480 -0.13799228 -0.49857855
0.11639964 -0.14181028 0.27490777
-0.85934871 -0.11571798 -0.66776723
0.03546181 -0.14400570 -0.75814945
-0.79235774 0.06524136 1.50183511
-0.49646759 -0.12384702 -0.03942235
-0.11213139 -0.17201349 -0.11995747
0.68836921 -0.09273621 0.00487701
-1.58608782 -0.03958235 0.14716415
0.08026429 0.17381376 0.00654361
-0.58063596 -0.08430994 -0.40179247
1.52053046 -0.04988110 -0.04287648
-0.28074482 -0.13072148 -0.08297225
0.39924696 0.07471387 1.47212815
1.99517941 0.00961243 0.19572473
0.17319931 -0.05039006 0.63853472
0.76445609 -0.07638839 -0.26486650
0.98986548 -0.02760244 -0.03885844
-0.69359869 -0.03930673 -0.55560744
1.74182892 0.00509613 0.21432699
-0.05554617 0.09489286 1.54583383
1.24413407 -0.00307630 -0.01273376
0.09542948 0.12713188 1.21999156
0.13904752 0.15039451 0.70205194
-1.47780955 -0.06580413 -0.25086921
-0.09076596 0.04053200 -1.63551438
-0.85188860 -0.04487816 -0.24618980
0.55807400 -0.06258448 -0.56680536
-0.15096986 0.14877361 -1.18875349
0.00726968 0.07392514 1.57191861
-0.03880694 0.24328686 1.01839697
0.27593243 0.06545374 1.24586451
0.09114478 0.14165458 -1.25000739
0.19710980 -0.08421119 -0.29995003
0.94161355 -0.05452189 -0.07655161
0.10287337 0.16193205 0.64049095
0.54250878 -0.08290637 -0.12154488
-0.20788302 0.02228284 0.79348886
-0.47696489 -0.10686567 -0.02547532
0.17042503 0.06247095 1.41921127
0.21599574 0.03991527 -1.22021925
-0.27110144 0.03099008 0.08475770
-0.59125185 -0.05385282 -0.33579537
-0.34138104 -0.04220355 -0.69812697
0.46642619 -0.15407267 0.00732039
0.04758643 -0.10118492 -1.68622720
0.86120498 0.09380770 1.60908365
0.09837768 -0.09846088 0.67966467
0.00418460 0.57520014 1.47859621
0.20832206 0.09534896 -0.35700789
-0.02948081 -0.04887073 1.20776427
-0.14567409 -0.09605438 -0.97789270
-0.02654100 -0.12627195 -0.98501647
0.29984558 0.07519709 1.12132227
-1.06129718 -0.03354188 -0.16881721
0.02431662 0.22139189 1.29957688
1.18999255 -0.00402986 -0.11580184
0.20809956 0.04671808 -1.21263468
0.00744060 0.58628225 1.57260263
-0.07804607 0.17572315 0.18705203
0.13090226 0.14452498 0.07400580
-0.93687290 -0.09863885 -0.24590287
0.46585676 -0.06526557 -0.36432314
0.08934089 -0.08825777 0.66042167
0.61301923 0.08894888 1.33577073
0.02356722 -0.15858492 -0.26624033
0.90660626 -0.06229049 0.11270141
0.32182562 0.06006962 1.26275241
0.45223847 -0.11692137 -0.32078797
-1.60727668 -0.00431709 0.30508074
-0.07764786 0.16118266 -1.21634686
0.40782797 -0.10938282 -0.24549825
-0.14651214 -0.08000834 -1.57156265
2.08000350 0.04277823 0.39441639
0.77764320 -0.11723615 -0.13020408
-0.24581903 0.01212828 -1.09188354
-0.03610666 0.20219356 0.95559633
0.88232726 -0.19073591 -0.60498136
0.47170269 -0.14135599 -0.26975524
0.46565199 -0.13720641 0.12464678
0.36262465 -0.22196126 -0.20200393
-0.04097079 -0.14910500 -1.41679943
-0.08404716 0.12077032 -1.52073395
0.08232815 0.14239825 -1.25367105
0.15234026 0.10879233 -1.18990052
-0.92939276 -0.06050066 -0.45479527
1.74460125 0.00851791 0.26295701
0.14377952 0.17063098 -0.84086657
0.62608778 -0.05557226 -0.55793303
0.24768381 -0.05511771 -0.77980828
-0.03152833 -0.13019872 -0.97175330
0.89216763 -0.07451019 -0.10608055
0.04307466 0.19494256 -0.70905954
-0.23590571 0.07347605 -0.01748775
-1.38157833 -0.00677357 0.01264498
-0.27024767 0.04099772 -1.03528023
-1.17956543 -0.00461501 -0.23131613
0.15764332 0.13123487 0.22164640
-1.87513971 0.00872567 0.28573823
1.58077466 -0.14321207 -0.29125559
1.01346540 -0.04134500 0.02976208
-0.12360121 -0.14595893 0.10403706
1.77909827 -0.00706786 0.14041667
-1.48803639 0.01841909 0.08893137
2.06233335 0.03145693 0.36631161
-0.11201453 0.15443943 0.71620315
-0.07817648 -0.13317198 -0.96231300
0.16624548 0.10853771 0.46858898
0.13178940 -0.16375004 -0.03044765
0.89098388 0.09790812 1.60820055
0.36663723 -0.10191400 -0.51851285
0.93871850 -0.19058922 -0.43864903
0.04016333 0.03886513 1.46525681
-0.89643109 -0.17913055 -0.37544364
-0.73407775 -0.05876172 -0.29979184
-0.66603059 -0.04858769 -0.52065045
0.30674157 0.05309431 1.11535156
-0.06498291 -0.09816727 0.89542484
-0.25577527 0.04619209 -0.84647173
0.50530559 0.06805010 1.42036474
1.00139904 -0.09530342 -0.51119626
0.14984721 -0.05008837 -1.61621928
-0.15566111 0.15688433 0.63173568
-1.46980059 -0.07928448 -0.24805529
-0.06759908 0.08110221 -1.59275103
-1.06167340 -0.02695807 -0.16409047
0.15030193 -0.12119939 -0.74307293
-0.22813518 0.11165509 -0.57132727
-0.17753005 -0.04597666 0.83739662
-0.30215797 -0.17657098 -0.29108533
-0.11719517 0.16229212 -0.81480008
0.40957040 0.08780897 1.45859468
0.11946358 -0.15208352 0.28113142
-0.45191938 -0.06683747 -0.27512464
0.27867734 -0.10587434 -0.45847255
-0.22880936 -0.05513433 0.49926245
0.12191072 0.05378719 -1.53460872
-0.23147850 -0.00004814 -1.30478668
-1.03472066 -0.07787459 -0.11712213
0.10307388 0.11452106 -1.34157348
-2.21727538 0.03227614 0.54803342
-0.06450072 0.16692077 -0.17438015
-0.25231311 0.01923332 0.45921078
-0.84294367 -0.13356990 -0.52206981
-0.26041666 0.07724112 0.18003558
-1.61912096 -0.13277301 -0.25818670
0.02134688 0.42934832 1.31548226
-0.19371714 0.08698922 0.97023666
0.13728298 0.16704760 -0.84547931
0.18328339 0.08002694 -1.36547637
0.33795184 -0.19688043 -0.21808384
-0.21214461 0.08088858 -1.32749128
-0.15491070 0.15192093 -1.20215428
0.21102707 -0.06473391 -0.60792774
0.64705187 -0.08553144 -0.06738857
0.01623159 -0.12643982 -1.45494223
2.06571841 0.03480987 0.38472995
-1.03439617 -0.04820247 -0.13214694
-0.14681661 -0.13572797 -0.47098359
-0.02952670 0.25091255 1.32784641
1.56877649 -0.03013174 -0.01347580
0.16247010 0.12637016 -0.87534457
0.21006371 0.03244861 -1.21168423
-1.01612532 -0.15236250 -0.38638681
-0.00067565 0.19139639 -0.95157892
-0.14431410 0.17018816 0.62070477
0.50921798 0.05035489 1.42868400
0.03499535 0.17945693 1.24085772
-0.17891121 -0.10719843 -0.85549372
-0.77119595 -0.11900968 0.04301044
0.22546606 0.07517528 -0.52529335
0.13556741 0.16422212 -0.36563951
-0.03421741 -0.23017468 -1.54818892
-0.33998132 -0.05195004 -0.70000684
-0.22521685 0.09567282 -0.03717698
-0.96710390 0.08056140 1.65256751
0.18821572 -0.04311370 0.21266356
0.00042011 0.58953130 1.42340910
-0.58399332 -0.06054864 -0.51726091
1.13395417 -0.02337031 -0.02409524
-1.45983553 -0.07176355 -0.24586348
0.68959814 -0.04810489 -0.51191920
0.22107379 -0.01484847 0.09691849
0.01513453 -0.16531126 -0.27510777
0.22132435 0.01252377 -0.62167561
0.02424875 -0.19181898 -0.11588293
-0.05680346 0.18585709 -0.23718587
1.53688109 -0.05721961 0.06266174
-0.10947444 -0.12665060 -1.52407753
0.20301336 -0.05860550 0.39993265
-0.90265656 -0.19115044 -0.51174122
0.36352625 -0.11804383 -0.54225135
0.20796680 0.04747266 1.12740278
-0.95130169 -0.06789861 -0.00711076
0.02746470 -0.12728471 -1.43775713
0.21767657 -0.09689995 -0.30884832
-0.11500813 -0.08439901 -1.70083547
-0.03214762 0.37201717 1.45020902
-1.02221704 -0.09858803 -0.57766122
0.76093018 -0.12035835 -0.12417754
-1.00048506 -0.16023950 -0.37461770
0.17203766 0.13734174 -0.50269711
-1.07311726 -0.05205671 0.14858471
0.71901524 0.08885625 1.43406224
-0.08577298 -0.02642745 1.20535195
-0.47854722 -0.05622821 -0.34288391
-0.57783598 -0.05501429 -0.32825664
0.08712329 0.16344911 0.64570659
1.44381082 -0.05091029 -0.06557298
-0.04999952 0.16577284 1.25533664
-0.30429295 0.04914355 1.12471068
-0.85995781 -0.03581314 -0.23930809
-1.46815300 -0.05783749 -0.24361043
-1.56562614 -0.17454462 -0.21971869
-0.06709126 -0.12529594 -0.93750918
-1.17397833 -0.07418896 0.08371436
-0.90625417 -0.18135838 -0.39158595
-0.04055890 -0.12204643 0.24303412
0.34356898 -0.08524080 -0.62789327
-0.59459931 -0.06309100 -0.52971250
0.20880508 -0.10346682 -0.73727596
-0.25711113 0.05818262 -1.04353082
0.09848857 0.16599126 -0.53495795
-1.31468034 -0.06238599 0.25002971
0.01885940 0.25282246 1.31776297
-0.18611017 -0.14156453 -0.70381677
-1.57744133 -0.06767786 0.09172552
-0.24580003 0.08978001 0.18807007
-0.10534034 0.18156853 -0.53767604
0.75426519 -0.08885717 -0.14279413
0.66792655 0.06609322 1.55234349
0.15649714 -0.12637259 -0.74951029
0.06737280 0.19314361 0.31275648
-0.49268636 -0.14489906 0.05316732
-0.00293609 0.46181890 1.63891959
0.24851596 0.05864627 1.42852926
0.37545592 -0.13479261 0.03709598
0.76741564 -0.09925762 0.05789268
-0.10604051 0.14486125 -1.23943770
-0.02889337 -0.11116035 -1.74434590
-0.20671868 0.12686852 0.50044131
-0.17641768 0.09017589 0.97461480
0.19192155 0.07970266 -0.79987645
0.19916463 0.09134433 -0.63275278
1.60482717 -0.12935024 -0.07425136
-0.35602412 -0.18991983 -0.27707964
1.45545101 -0.03089520 0.24634516
0.15468767 -0.22979237 0.02713188
0.19770534 0.06814937 0.74550730
0.16748500 0.13494855 0.40791348
0.25398925 -0.20127538 -0.21992861
0.51640064 -0.05294832 -0.42486271
0.07574931 -0.10456226 -1.15299129
0.71604508 -0.05361865 -0.53039742
0.52889377 -0.04600356 -0.55538231
0.17255822 0.13083850 0.47406840
1.35405159 -0.01595224 -0.14209124
-0.18540819 0.11986954 -1.26559138
-0.77507079 -0.11368598 0.00700315
0.46114558 -0.13435982 -0.20202351
-0.05056089 -0.06978839 0.89843202
-1.03473711 -0.04465851 0.03698549
1.01243305 -0.04759735 0.02099484
-1.56867874 -0.04291682 0.01246866
0.15663451 0.06459420 1.05716825
-0.09423090 0.18075211 -0.02356084
-0.05562038 -0.14641134 -0.51757252
-0.20758404 0.07705297 -1.31681550
-0.10197828 -0.07945281 -1.68613696
-1.64340007 -0.01204618 0.17868681
0.81830770 -0.16474390 -0.63420749
-0.12804730 0.06780726 1.25398159
-0.92829031 -0.09317756 -0.16770087
0.21006787 0.07167507 1.42080915
-0.71634573 -0.07403515 -0.33227172
-0.82448876 -0.13277519 -0.52477992
-0.04829458 0.08122038 -1.60305190
-0.01049527 0.03834968 1.63859451
0.22307958 0.04129638 -0.19859849
0.69609463 -0.09032364 0.00249867
0.56375915 -0.08544751 -0.04566501
-0.05073185 0.19858697 0.99176854
-0.47089726 -0.08639859 -0.42498305
-1.49178970 -0.05306718 -0.29939395
-0.07876433 0.04571655 -1.64073575
0.03209891 0.08715207 1.57697713
-0.05005973 0.36310014 1.28917563
-1.06320608 -0.03067118 -0.16503997
-1.73640668 -0.00147845 0.17080891
-1.49029076 0.01033688 0.23921014
0.28636202 0.05814967 1.12775278
0.24267863 0.00049746 -0.59854865
0.95290595 -0.19702145 -0.44741473
0.33804193 -0.10776494 -0.62286508
-0.17597087 -0.11423799 -0.73336732
-0.97134781 -0.07806888 -0.41433370
-0.88953972 -0.05089065 -0.02105003
0.04105436 -0.01850663 1.32811391
-1.57453358 -0.15202972 -0.23531252
-0.22139706 -0.10075660 -0.65622228
-1.14105785 -0.05825437 0.07374125
-0.28624123 -0.13575713 -0.06902009
-0.14513443 0.14616959 -1.21336842
0.71142870 -0.04569257 -0.53739768
0.64551955 -0.07136119 -0.55983847
0.16619897 0.12902161 -0.48550621
-1.18670070 -0.00917864 -0.06935851
0.14844750 0.06762777 -1.54742634
-0.06426778 0.20395626 0.99625653
2.40391684 0.05223019 0.60104311
-0.54073662 -0.12259556 -0.22154088
-1.86222732 0.00657502 0.30329013
0.13483061 -0.06846588 -1.52181184
-0.84595865 0.08546600 1.48570800
0.10290322 -0.09539545 0.68228763
0.07735129 -0.02324660 1.07466400
1.53753853 -0.03908859 0.09206387
-0.03673322 0.26467183 1.01645541
0.33749586 0.06984373 1.26825547
-0.24641541 -0.03858384 0.38430983
-0.24663405 -0.01465259 -1.29853845
-0.23178922 0.11452120 -0.78994709
0.59907740 0.10175107 1.33212149
-0.43275702 -0.11558496 -0.25413188
0.24024950 0.04510386 -0.42406619
-0.87281948 -0.03074831 -0.24025027
-0.17529911 -0.06325573 -1.49863529
0.22103690 -0.04284060 -0.16599196
0.61475170 -0.03747508 -0.49395332
0.30863550 -0.14838862 -0.19296442
-0.21355675 -0.12744133 0.08682623
0.06267994 0.02261991 1.37804234
-0.89663124 -0.19730863 -0.49147153
-1.04133010 -0.12675098 -0.49717674
0.89535916 -0.05892342 -0.47636002
-0.07936436 0.00805361 1.35927713
0.13716963 0.09183794 1.01069617
0.19824538 0.12084837 -0.56024182
1.52665877 -0.15608679 -0.07207703
0.06964895 -0.14344564 -1.14364123
1.50409770 -0.01453421 -0.05342011
-0.05862393 -0.11418796 0.67187351
-1.01122546 -0.16065213 -0.38772196
-1.59535575 -0.00263386 0.28979209
0.87208962 -0.18758413 -0.59862900
-0.85982865 -0.17413801 -0.43654618
-0.20123991 0.02198105 -1.56504750
-1.21269870 -0.02864917 -0.05665305
-0.07822127 -0.13157926 0.50465178
0.02446435 -0.15911572 0.15906711
0.99427378 -0.15110691 -0.67575687
-0.12953325 -0.10891511 -0.97417194
0.09453101 0.15637171 -0.00955143
1.00642705 -0.11834069 -0.50951785
-0.02950544 0.36734113 1.44641221
-0.88067669 -0.08648521 -0.58639318
-2.22305107 0.03836126 0.55023748
1.11272347 -0.05245169 -0.08047477
-0.19623008 0.11238012 -0.61630946
-0.12586991 0.04658956 1.26127911
0.32759890 -0.13310409 -0.18712963
0.06396195 -0.15173294 -0.77288955
-0.03043992 0.20656149 0.88587892
0.85394651 -0.18984301 -0.67571414
-0.01470096 0.05525930 1.64652884
-0.35481337 -0.11731660 -0.19666617
0.49561796 0.07674718 1.43426490
0.01227823 0.15562512 1.40496588
0.05916137 0.03155348 -1.66798961
-0.10258841 -0.16011594 0.30433762
-1.15749955 -0.05266675 0.08430245
0.21381469 -0.01749811 -0.20364720
-0.24656077 -0.07641365 -0.08130882
1.61084223 -0.05731962 -0.20464429
0.25166258 -0.07344365 -0.53475851
-1.48992336 -0.06377363 -0.30034313
-0.10274471 0.18152225 0.00282342
0.99000484 -0.04277655 0.02584709
-0.02486806 0.33693582 1.36595821
1.58215535 -0.02413814 -0.05358531
0.20850946 -0.06153768 -0.30144775
0.26678574 0.08729280 1.36941874
0.23321071 0.00722403 -0.65484786
0.46361491 -0.14823477 -0.20117804
0.06325312 0.07105669 1.48550153
-0.21064945 0.10702933 -0.20070876
0.18608779 0.10549638 -1.15191579
-0.21041389 0.05287533 0.77587163
0.77529722 -0.10425075 -0.12758425
-0.17013583 -0.21336223 0.04904874
0.19284661 0.11337834 -0.56950271
-0.11072479 -0.16615839 -0.36502013
-0.10919940 -0.07237907 -1.70277524
-0.86226010 -0.16561198 -0.44241655
-1.58392382 -0.06790533 0.13867985
0.11722983 -0.15624811 -0.37950224
0.11422382 0.14846691 -0.35137013
1.66430140 0.00335424 0.20765600
-0.46270168 -0.04801651 -0.46377015
-0.07194607 0.05595249 1.45410812
0.14660455 -0.08431010 0.35456839
-0.05180432 -0.13433900 -1.44780612
0.50229722 -0.14036092 -0.27411735
-1.02997780 -0.07153182 -0.12993702
0.21951355 -0.01173647 -0.80847907
0.17482997 0.11200365 0.23755163
0.04346558 0.18321590 0.64140022
-0.14349717 0.13698953 0.77342784
0.11871494 -0.12814011 -1.08197498
0.20432971 -0.03337163 0.21919738
0.14726849 0.10713350 0.80377835
0.32332051 -0.09282120 -0.32571760
-0.05784089 0.18487684 -1.21350574
0.12290887 -0.14842641 -0.37908378
1.67163026 0.01170306 0.14332174
-0.15711716 0.05951621 1.42438340
0.26773599 -0.22473486 -0.19832985
-2.30913973 0.05244224 0.37407133
1.76084065 0.00936138 0.23069970
-0.46291062 0.06557298 1.24397337
-1.81578445 -0.00068712 0.35206735
-0.08176211 0.03625298 1.44713867
0.05023686 0.18738252 0.01760519
0.04013252 -0.06995884 0.88080829
0.73033059 -0.07308543 -0.32782722
1.58134711 -0.05925489 -0.05975491
0.21773574 -0.01739489 -0.56102467
0.53256673 -0.09514170 -0.12623471
-0.00887903 0.53777051 1.67888331
0.67394149 -0.03705616 -0.33801594
0.08122073 -0.02014220 1.06391180
-0.14018524 0.06480081 1.24101150
0.52673525 0.04579679 1.42501950
0.14711668 -0.15256703 -0.03255134
-0.52786022 -0.04448481 -0.52266765
0.11868085 -0.17154086 -0.02202529
0.04268400 -0.13500644 -1.42672122
1.01158595 -0.05256371 -0.03420523
-0.25318265 0.02942788 0.44158551
1.14110804 -0.03257186 -0.02085679
-0.04639155 0.37973759 1.22143173
-1.63237691 -0.15110189 -0.25530005
-1.03736496 -0.15186872 -0.46990636
0.60032749 0.07549770 1.32660484
-0.45694971 -0.10351904 -0.10961697
0.21927506 0.02355728 -1.22536421
0.10617224 -0.02631338 1.05739689
0.75190902 -0.02769173 -0.34848455
-0.23396854 0.06283508 -1.05828726
0.03103742 -0.10531194 -1.66204655
0.19451690 0.07797933 1.43413353
0.13914451 0.16261892 -0.86187857
-0.63354272 0.07926197 1.55387425
-0.91529363 -0.19092563 -0.51736432
-0.06645176 0.17908347 -0.31476212
1.35011864 0.01253371 -0.14066888
0.17274992 -0.13738319 0.24023347
-1.58423507 -0.07602978 0.09524639
-0.59681100 -0.05016067 -0.53311884
0.80106151 0.07598226 1.54050744
-0.79764795 0.06366388 1.48590231
-0.21384764 -0.11513376 -0.64416105
0.31387523 -0.13458964 -0.06793536
-0.86637110 -0.06346793 -0.38399732
-0.97616005 -0.08436494 -0.60650378
1.59349322 -0.03782412 -0.08220581
-2.08322644 0.03378542 0.35853288
0.04953757 -0.06171627 0.87987560
0.00436574 0.21752253 1.37124419
-0.29267612 0.05673489 1.11181080
-0.87120569 -0.18671934 -0.61968255
0.00968100 0.13955624 1.41954470
-0.03711260 -0.11835339 -1.42835903
-0.76672906 -0.12007000 0.07042548
-0.04571095 0.26470560 1.19656539
0.15574604 -0.14166185 -0.05965441
-1.05443633 -0.04157753 -0.14401865
0.05398623 0.20382318 1.11751306
0.25762963 0.06436950 1.42834949
-0.11661961 -0.05398884 0.85939747
-0.00927700 0.05199841 1.64002454
-0.03350908 0.23376334 1.43750656
0.03165439 0.19946550 1.11810303
0.15196238 0.09796199 0.80718142
-0.23942991 0.07664268 0.48597589
0.50217742 0.04665548 1.41785347
-0.01288798 0.14332011 1.58440959
-1.03492355 -0.09464612 -0.54757214
0.66093320 -0.03392028 -0.33433077
-0.74527466 -0.04229642 -0.31190869
0.75044155 -0.06331255 -0.01034555
-0.16217431 -0.04584609 -1.57885587
-0.42865884 -0.12458607 -0.15752156
1.19035494 -0.01450955 -0.12426624
0.16146274 -0.04383583 -1.39793253
-0.20704436 -0.11617966 -0.64452857
0.10430808 0.16680290 -0.55568814
-0.33496588 -0.09008862 -0.58644378
-0.09507958 0.02835015 1.31019461
0.15750118 -0.16615143 -0.09313831
0.17937440 -0.12969945 0.25245273
-0.11114940 0.09816423 1.39976275
-0.13857037 0.14801714 0.88269609
-0.22663565 -0.12073416 -0.31146532
-0.13536589 -0.18291354 -0.00554252
1.55452764 -0.04817533 0.00467131
0.32777163 -0.14107952 -0.30691779
1.26342368 -0.00418455 -0.00146747
-0.07784183 0.17946145 -1.18417275
-0.47224566 0.08647964 1.40701306
0.60559624 -0.03348379 -0.51047671
-0.36111206 -0.22230333 -0.36252424
0.16950384 0.10868329 -1.14451385
-0.22151442 -0.06923249 -0.08005022
-0.14209183 -0.10076886 0.42786500
0.78798926 0.06826933 1.44167185
-0.02507036 0.37567911 1.45027757
0.24686070 -0.20144732 -0.22672091
-0.23724763 -0.06329714 -1.10843277
0.10823525 -0.11455967 -1.05307460
0.03831436 0.18927886 0.00229395
0.17109495 0.13309729 0.46550000
0.38192070 -0.11412270 -0.33285946
0.65999353 -0.06526604 -0.08508421
0.13167444 -0.08342852 -0.96390885
-0.79255241 0.07495698 1.49721670
0.00504416 0.23891531 1.31225097
0.22190891 -0.06963204 -0.50919950
-0.64856851 -0.08245774 -0.28316507
-0.76604849 -0.04315150 -0.30256587
-0.86223215 -0.05632508 -0.39320439
0.00414745 0.55659449 1.56989622
-0.23244694 -0.06711041 -1.11435914
-0.13830478 0.15025395 0.61008739
-1.16463768 -0.01026587 -0.22737281
-0.14901564 -0.07681071 0.66077769
0.04991733 0.16798370 0.51152176
0.82232863 -0.14878090 -0.60733432
-1.73138702 -0.00114337 0.19900581
0.05695248 -0.13913472 -0.77401644
-0.29654890 -0.14479385 -0.08490220
1.29268038 -0.05645321 0.09206387
-0.93574482 -0.07384945 -0.43630916
-0.11853383 0.16779378 -0.45750666
-0.91341972 -0.07806702 -0.08740178
-0.82821614 -0.16563535 -0.41711846
-0.08960217 -0.02815023 1.20427907
0.01407309 -0.13399318 0.39265525
-0.03389592 0.41559234 1.21001303
0.01607600 0.55767357 1.54946029
0.05924802 0.03490916 -1.68154442
-0.44071880 -0.12487878 -0.25445393
-0.86683965 -0.12319443 -0.66614455
0.21553609 -0.01919071 -0.56455535
0.52889377 -0.05672277 -0.53263557
1.67364657 0.02303817 0.16049010
-0.01497562 0.53968245 1.67998183
0.14398307 0.11264482 -1.19871116
0.96311402 -0.20136461 -0.45939937
-0.25037766 -0.00909866 0.19871010
0.14153288 0.13408485 -0.92454243
-1.55656445 -0.14652959 -0.21962209
1.17897403 -0.04377658 -0.15313961
1.01695454 -0.04176335 0.02492468
-0.83393568 -0.05884252 -0.05010062
-0.04007359 -0.16880558 -0.04966264
-0.59478235 -0.05679500 -0.53492415
-0.09407599 0.07106578 1.50200617
1.52830362 0.02919997 -0.02730564
-0.05408021 -0.13957350 -0.51361865
-0.85849828 0.09564910 1.61965656
-0.13820812 -0.16679960 -0.09368983
0.20220816 -0.04372348 -0.62764913
-0.04896339 0.25685209 1.33884871
-0.43512145 -0.10518822 -0.46610796
-0.48878944 0.09928425 1.23369968
0.72595984 -0.08996341 -0.32524121
-0.47886238 0.07040408 1.26361477
-0.11324064 -0.14189111 0.28607601
0.21382031 0.06142304 1.12649608
1.57262516 -0.07625809 0.01925525
-0.13443233 0.15029944 0.86644250
0.18961523 0.08815220 0.69235140
-0.06179255 0.31158912 1.19719291
-0.97645891 -0.14955652 -0.63701826
-0.11842199 0.04054915 1.23654544
-1.30743456 -0.05396730 0.26319087
-0.14563322 0.14153333 -1.17630315
0.46777406 -0.05920352 -0.40502760
-0.22551611 0.09943976 0.02368304
-2.08947945 0.04158910 0.33747786
-1.33031785 -0.02078965 0.18384443
-0.14205597 -0.11120508 -0.97521967
0.19122817 0.12993571 -0.87534457
0.02553877 0.15283845 1.40628624
-0.76037568 -0.12297186 -0.00423617
0.36231601 -0.08304943 -0.65337121
-0.47174224 -0.16160843 -0.11131045
-1.04183161 -0.14815760 -0.48414409
-1.51319873 -0.00928729 0.22561905
-0.08577096 -0.03650214 1.21350861
0.14362793 -0.09428724 -1.51504517
0.10332037 -0.20490806 0.03525071
0.81113708 -0.17070130 -0.59941620
0.08560884 0.06715836 1.28605676
-0.11173061 -0.18228589 -0.00567475
-0.05406240 0.47532827 1.49562728
-0.83364516 -0.05845774 -0.36785167
-1.58351851 -0.14700815 -0.04790350
-0.22911739 0.09744934 -0.04322076
0.90601528 -0.07588644 -0.46857026
-0.04207910 -0.13856797 -1.35497475
0.15618719 -0.13155179 0.24358617
-0.35834295 -0.13213278 -0.13701512
-0.62071353 -0.09240969 -0.28637666
0.02965157 0.41885874 1.31252873
0.00972005 -0.06780416 0.89761096
-0.14513147 -0.14288302 -0.47834277
-0.53951275 0.05247388 1.35212684
0.21188824 0.09497274 -0.74216872
0.68195981 -0.07691125 -0.40556329
-0.46944001 -0.08440786 -0.33583269
0.14817546 0.14796349 -0.55023211
-1.56301725 -0.14263859 -0.05792198
0.46902207 -0.07972258 -0.36025190
-1.60396326 0.00144766 0.30810878
-2.13722849 0.02965984 0.50745332
-0.24839737 0.08054976 -1.08910930
-1.35001731 -0.05640362 0.17728412
0.22061267 -0.00493268 -0.20206976
0.12531176 0.13176562 -0.96067119
-0.58561927 -0.06356843 -0.32831004
-0.08414868 0.01578938 1.34544063
-0.06054050 0.31622073 1.19807267
-0.00108747 0.57819414 1.49151194
-0.22147918 0.11570540 0.02146944
-0.00720058 -0.13787571 -1.51983368
1.19011223 -0.02731760 -0.11284093
-0.06258900 0.03462839 1.45286560
-0.25570497 0.02852843 0.22423071
0.11089054 0.15472698 -1.07459235
0.20191897 -0.10091120 -0.33159891
-0.36326712 -0.13218769 -0.13172810
-0.83425099 -0.17039327 -0.39290127
-0.21246888 0.11482808 -0.61997795
-0.26373568 0.06607565 1.35552859
-0.42977226 -0.09767508 -0.43888831
1.68410039 0.01626312 0.16325803
-0.21088356 0.12554722 -0.79667693
-0.57320964 -0.09388794 -0.49936900
1.49204755 -0.06485144 -0.27130914
-1.31540978 -0.05156328 0.25194237
0.13703832 0.08821221 -1.43245256
0.13810870 -0.08196137 -1.51866007
-0.89921367 -0.07075454 -0.07727022
-1.02687514 -0.14786762 -0.36426428
0.04086424 -0.12652156 -1.48392880
-0.37492377 -0.12695301 -0.17431754
-0.01588394 0.53860193 1.66745472
1.44879878 -0.07430212 -0.28550461
0.82243115 -0.16362676 -0.59229851
0.64857346 -0.04880019 -0.54100573
-2.15594935 0.04046751 0.29633093
1.22410488 -0.01064261 -0.08179466
1.53498852 -0.10349306 0.08458042
0.08277551 0.17655408 0.67237467
-2.31499457 0.04901896 0.37833983
0.27911779 0.05154197 1.22886944
0.22297829 -0.01369739 -0.18713108
-0.04262367 0.44429427 1.44399559
0.15908954 -0.13383919 0.24963069
-0.08877853 0.03613314 1.43452406
0.15936249 0.13753383 0.80653161
0.18982276 -0.03028009 0.39003757
0.22893967 -0.00007711 -0.59859413
0.10135070 0.03098388 -1.65452278
0.38325036 -0.12726748 0.02656608
0.21644269 0.01278204 -1.23413920
1.10924995 -0.05596436 -0.05749407
0.10016810 0.11246899 1.22842908
-0.01161996 0.06274503 1.64882255
0.08663972 0.14914578 -1.25081897
0.22872464 0.00567337 0.06348523
0.32955891 -0.09980837 -0.33243179
-0.24107909 0.08022794 -0.09645981
1.09127223 -0.06174807 0.18726078
-0.08518636 0.17890197 -0.15081641
0.10405688 -0.08717014 0.64981824
-0.03027680 0.60909647 1.43660438
-0.07949532 0.14066958 -1.24000299
-0.20741202 0.13622402 0.15414068
1.77410161 0.01277556 0.15148804
1.51080823 -0.02953556 -0.06197207
-0.07509854 0.03927685 1.45352685
0.21038474 -0.04864093 -0.16375655
-0.98692268 -0.04232293 -0.35456392
0.69043458 -0.04132981 -0.50999427
-0.01953004 -0.13524093 0.26485196
-0.21833524 0.09632614 0.00389006
0.81322938 -0.17913486 -0.62946117
-0.76545620 -0.02572274 -0.27803805
-0.07267778 0.27263105 1.19250882
-1.59441626 -0.00436715 0.31052291
-0.97917742 -0.09023474 -0.39641055
0.91079593 -0.05967789 -0.48870850
-0.46687019 -0.08078747 -0.28942707
-0.08921399 -0.13065857 -0.93571419
-0.36700255 -0.19703822 -0.25971046
0.40012649 -0.04428774 -0.67548352
0.86824900 -0.19582070 -0.67299443
0.10107306 0.03087039 -1.63618541
0.27488679 0.06160301 1.12297690
-0.26536530 -0.00954030 -0.71861696
0.17737553 0.10153527 0.45831004
