2048
0.20665267 0.02150877 -0.86947519
0.00422174 0.94577378 1.86272752
-1.98624873 0.07797382 0.51495659
2.01799107 0.11451173 0.66425341
-1.57815480 -0.29587343 -2.27440810
-0.03453753 -0.16348411 0.69994956
-0.97252631 -0.04809872 -0.30195469
1.33831728 -0.19746782 -0.34138930
0.81011063 0.11762308 1.70402431
-0.78922170 0.11921493 1.67676985
0.00390819 -0.07224187 -1.97581470
0.50886405 -0.15528364 -0.01566189
0.02995674 0.23783229 1.43003225
-0.23016693 -0.33470505 -0.27694327
1.24762976 -0.05656449 0.41003886
-1.23325276 -0.06153302 0.41558623
-0.05950072 0.24678044 0.11048061
0.80166900 -0.27464870 -0.73609704
-0.13558657 0.15621352 -1.39237559
-0.61918259 -0.16618544 0.15534200
-0.10884823 0.21778937 -0.44833300
-0.69105726 -0.21772783 -0.74960369
1.72639227 0.05255478 0.23734668
0.00246105 0.28633565 0.92039728
-0.00501585 0.72677308 1.42038465
0.24886094 -0.31637460 -0.39790493
0.99944502 -0.06867225 -0.01566189
-0.42478329 0.09679390 1.33862114
-1.64134681 0.03190407 0.17946097
0.05045791 -0.20639187 0.23083454
-0.20964162 -0.14778264 -0.73537350
0.47557974 0.09045059 1.39602447
-1.29355049 -0.20108566 -0.02169164
0.16685630 0.16923779 0.47757211
0.00829786 -0.08514553 1.14398062
0.09449924 -0.16592014 -1.56386173
0.64778960 -0.05682980 -0.40335825
0.20231123 0.07992987 -0.18246904
-0.03598467 -0.19312638 -1.16565681
-0.55044341 -0.07672799 -0.33567306
1.39596152 0.01769797 -0.00143165
-0.12003946 0.20616400 -0.98307586
-0.19398838 0.03291707 0.40545627
-0.97180265 -0.05340490 0.09721514
0.00837020 0.06775459 1.75370944
0.19724627 0.06586124 -1.26768029
-0.19268595 -0.00063249 -0.11816772
-1.31766939 -0.08140710 -0.34645426
0.08986839 -0.31155077 -0.09477226
0.05711476 0.14560114 -1.69941068
0.20665267 0.03289295 -0.52799809
-0.45396730 0.09539258 1.67074013
0.00740544 0.51187259 1.67339325
-0.01179329 0.48751241 1.19197738
-1.66498339 0.01984456 0.51085633
-0.78632736 -0.27006608 -0.44951484
0.45363149 -0.08601383 -0.68906492
0.96206039 -0.03818581 -0.32643551
0.20689386 0.04430125 0.13218774
0.86124301 -0.11406425 0.25929499
0.17939818 0.07087318 0.78533083
-0.16392161 0.12907963 0.71225011
-0.02691592 -0.21676305 -0.49529272
0.26212642 0.08877914 1.18835962
1.73652232 0.02705615 0.53376943
-0.38322622 -0.21049209 -0.02796259
0.01992322 0.25927407 -0.71004856
0.52019995 0.10040209 1.69461799
-0.15658461 -0.03423028 -1.60872328
-0.72964770 -0.10649087 -0.11768533
-0.18991226 0.08927358 1.52699077
-0.46047944 -0.11276181 -0.61024404
0.16661511 -0.20156805 -0.69823021
-0.08557338 0.17418219 1.17895317
0.82675278 -0.25993606 -0.46152607
1.23725855 -0.19529711 -0.07620062
0.41021720 -0.11732032 -0.27916220
-0.00241099 0.25932235 -0.18647279
0.76018423 -0.10243887 -0.14096019
0.26839736 0.08921328 1.57185209
-1.35650098 -0.01843233 0.17801385
1.51028574 0.00725443 0.38736695
0.17312725 -0.08825689 0.55258226
-0.17288424 -0.07147005 0.16257767
-0.26598367 -0.12202352 -0.42660177
-1.16379011 -0.00277908 -0.12950365
0.13863705 0.19745703 -1.04385579
0.01900671 -0.20229164 -0.91506016
-0.18979166 0.01012460 -1.18808758
0.02180450 0.77308166 1.66881061
-0.14382322 0.05567578 0.96236432
-0.18405135 0.10430938 -0.74429744
0.04457285 -0.01370500 1.40567207
-0.05938012 0.24639453 0.39508504
1.19408536 -0.01874587 0.14280011
1.94708133 0.06264859 0.40425029
-0.12924087 -0.28622580 0.01424570
0.10776470 0.18768884 -1.46039128
-0.06290150 -0.18371999 0.44645861
0.04148563 0.25430557 0.66811234
-0.09570336 -0.16157870 -1.39937007
-0.18687327 -0.02969591 -0.94545013
0.03598648 0.47738239 1.42930865
0.16709749 -0.10460959 -1.07448685
-0.02363573 -0.32867527 -1.68928087
-1.82320428 0.06519073 0.32755175
0.05190504 -0.12057639 0.91677946
0.17963937 -0.10391013 -0.33441886
0.12537158 -0.15070105 -1.32484233
-0.02472109 0.24501975 -1.19942343
0.12995420 0.20985422 -0.40279627
0.28359237 -0.19457351 -0.03785137
-1.48746717 0.01101700 0.36565983
1.15694213 -0.00926710 -0.17889942
-0.59747553 0.10674540 1.48478234
0.71701121 -0.11334066 0.08491444
-0.71155846 -0.06177421 -0.49625748
0.12754230 -0.07904342 -1.78985703
-0.01314396 -0.23509347 -0.27716032
0.13622515 0.20640518 0.26508355
-1.04922473 -0.08606206 0.30198559
0.19386958 -0.05285016 0.32586345
0.31518826 -0.15424652 -0.52741927
0.77393216 -0.09527553 -0.61858916
-0.08805763 0.02886508 -1.80987597
-0.40235260 -0.20518589 -0.24749394
0.14611395 0.19514163 -0.00818498
0.14876704 0.06699725 1.00770819
-0.19210710 0.06628333 -0.32305878
-1.35240078 0.00776093 -0.03158043
0.67769718 0.11311282 1.54001498
1.06721938 -0.08570027 0.30560347
-0.84493667 -0.11297890 0.25374761
1.54429364 0.00701324 0.14424723
0.18856341 -0.00116311 -1.47269201
-0.92018795 -0.03685926 -0.10200798
-1.17440248 -0.04231016 0.08684396
-0.19398838 0.02150877 -0.55076647
-0.17124414 -0.05629918 0.58610767
-1.22022867 -0.20590948 -0.22038414
-0.19579731 0.07520254 1.32728517
-0.17126825 0.13653240 0.23469357
-0.83721852 -0.15566954 -0.63045573
1.35737133 -0.07569088 -0.17899589
-0.53331888 -0.11625908 -0.11358511
0.18591031 0.13303512 -0.71004856
-0.18176004 0.11164156 0.04125903
0.04382517 0.30116880 1.10804331
-0.09543806 0.15597233 -1.57953930
-0.77161473 -0.13786972 -0.31191581
0.24548431 0.10004031 1.37865877
1.35230637 -0.02340085 0.24602953
0.05610175 0.12189214 1.57571113
-0.00371342 0.34159231 1.58294690
-0.04908130 -0.15798497 -1.81759405
-0.21994045 -0.17720786 -0.17564335
0.57567370 -0.09363544 -0.20451382
0.30023447 -0.10933691 -0.78457624
0.09172555 0.15430811 1.28097677
0.19796982 -0.03444736 -0.03833376
0.11596517 -0.21917495 0.05910708
0.77513808 -0.19409116 -0.29650378
-0.13107149 -0.06570560 0.81572080
-0.36733180 0.10575651 1.50938380
-1.49590921 0.02587432 0.07550801
0.50765806 -0.07052941 -0.51123542
-0.00829603 -0.20735660 -0.67169923
-1.36180723 -0.11703087 -0.16396973
0.00253341 0.94722092 1.66953409
0.13019539 0.21019188 -0.86947519
-0.18101236 -0.01192019 -1.37018621
0.12730110 -0.10837216 0.73588687
-0.82105881 -0.12132407 0.04125903
-0.15168120 0.17196323 -0.16368030
-0.12073890 0.20732170 0.55354708
0.30795258 -0.29756176 -0.23755689
0.03099386 0.25693455 -0.53938228
0.16565037 -0.00121134 -1.64345479
-0.61701196 0.10505708 1.71463668
0.81565797 -0.07376136 -0.41311923
1.23774099 -0.03189074 -0.02699781
-1.82006872 0.04200994 0.56922436
-0.03063025 0.32929161 1.30413103
-0.14045863 -0.18396115 0.29885018
0.15455560 -0.23412874 -0.23184067
-0.09895942 -0.29635578 -0.14906418
-0.67296803 -0.19553828 -0.58634204
-0.06304622 -0.17262523 -1.64972579
0.93167049 -0.02865879 -0.16396973
-0.30018446 -0.14833738 -0.58631796
-0.13202420 0.19726408 -0.61907148
0.69771606 -0.23678181 -0.58523256
-0.10503742 -0.15933564 -1.02118397
0.11234733 0.20305264 -1.29348755
0.88463837 -0.10352423 0.09817991
1.90342605 0.05575296 0.56464183
1.29490304 -0.14951921 0.06971945
1.20831585 -0.15904622 -0.23191305
-1.66184795 0.01967573 0.34009364
-0.16757324 -0.11510135 0.00701001
-0.11239373 0.19010073 0.86009973
-0.09454565 0.01666085 1.21609652
0.40925246 -0.19722661 0.10372727
0.14539036 -0.21748662 -0.47107720
0.18518673 0.12136152 0.63289863
-0.36303863 -0.08603795 -0.73513234
-0.01507348 0.60810751 1.54676843
-0.15002182 -0.21821016 -0.37216991
0.10752352 0.20958892 0.82898617
-0.07006485 0.10172864 1.42014337
0.04179917 -0.18637305 0.56367701
0.42541221 -0.20180923 -0.13994719
0.43071842 0.10469528 1.56606364
-0.02462461 0.25601804 -0.86947519
-0.23412244 0.08385403 1.17581773
1.68104863 0.01868685 0.38302553
-0.45686162 -0.13183996 -0.44787472
-0.01618295 0.57892346 1.31787872
-0.50413489 -0.15209992 0.05066542
0.11210612 0.02232882 1.20138395
0.00897319 0.84278560 1.52240801
-0.14570934 -0.20856257 -0.60402131
1.03707063 -0.06913051 0.13267009
-0.12564230 -0.17986092 -0.87068123
-1.21009862 -0.02853820 0.26821899
-0.15075022 0.15918015 -1.19942343
0.13622515 0.20642930 -0.23579621
0.66901433 0.10944673 1.75925696
0.16203249 0.17536402 -0.55455315
1.28356695 -0.05719158 -0.33338174
-0.16916992 -0.09165768 -0.28893042
-0.08219671 -0.08008055 0.98117727
0.11620636 -0.17117807 0.37603101
-0.10496508 -0.21435112 0.14352365
0.20592912 0.04430125 -1.01732481
0.86317253 -0.22496350 -0.60216415
-0.64402521 -0.11379894 0.01496928
-0.06813533 0.24304199 -0.03857496
-0.30913258 -0.27802536 -0.38983712
0.11524159 0.15409105 1.13216221
-0.00245923 0.25973234 0.25760666
0.15624394 -0.16276057 -0.87429905
-0.10836585 0.21718641 -0.30033869
0.71459937 -0.15552485 -0.74526227
0.20207007 0.08095492 -0.38836345
-0.13739792 -0.12597904 -1.24910867
0.18446317 -0.07901931 -0.61907148
-0.62810665 -0.14860269 -0.23572384
0.06893306 0.04738849 -1.83182418
-0.83818334 -0.04944939 -0.40617296
-0.06282914 0.21680048 1.04243958
-0.77667981 -0.28477868 -0.65385121
-2.00313210 0.02109875 0.64568168
0.71049905 -0.18420236 -0.42418987
-0.57649195 -0.10347600 -0.52167892
0.17722745 -0.09378015 0.11048061
1.81804454 0.03856092 0.34901774
0.19097532 -0.06027883 -0.19783285
0.00996207 0.64597434 1.72910798
0.08417630 0.24169134 0.10855108
0.13381325 0.09011051 1.46355772
0.64417171 -0.09201946 -0.53889990
-1.51086283 0.03361652 0.22962852
0.00853905 0.81770182 1.80701244
-1.04488337 -0.05994116 -0.02169164
-0.18506435 0.08237795 0.57694256
0.62560010 -0.10518844 -0.07282397
0.00067625 -0.23123445 -0.02410355
0.20689386 0.02150877 0.47395426
0.84797758 -0.12841505 -0.03375115
-1.27497876 -0.13458954 0.10975703
0.04932430 -0.20759779 -1.72256494
0.53105348 -0.12935571 -0.34529656
0.10318208 0.19639580 0.99227202
0.36559707 0.09802396 1.27904725
-0.10838997 0.21716228 -0.76696932
0.33472469 -0.16225407 -0.39173287
-0.01876369 0.22772644 -1.39816427
0.73775357 -0.04942526 -0.30050752
0.03135563 -0.19360878 -1.43868423
-0.18178417 0.11159332 -0.88081121
-0.05117966 0.19258499 1.30991948
0.10125257 -0.05748102 1.04774582
-0.00161506 -0.00275496 1.53302050
-0.18296599 0.10059505 -1.04023790
0.20182890 0.08145661 0.34105843
0.30312878 -0.16157870 -0.18160075
-1.21468127 -0.07489496 -0.25919166
0.06772713 0.24866171 0.52315706
0.10655875 -0.16731903 -1.17723393
-0.80079883 -0.04274430 -0.22151773
-0.74387789 0.11960083 1.80315351
-0.17970993 -0.05586504 0.30319160
1.32481039 -0.22086327 -0.20827639
0.14683752 0.11593474 -1.56627393
-0.00241099 -0.05456262 1.28121781
-0.18868221 -0.02159192 -0.69871253
-1.20937502 -0.10094349 -0.04556948
0.01922377 0.25389555 -1.02866077
1.36243629 -0.10248712 -0.04701661
-0.16898419 0.06604937 -1.48378670
-0.09401502 0.11045973 -1.70302868
1.19384432 -0.04006709 0.29113203
0.18060416 -0.07431610 -1.23367238
-0.01907724 -0.19577949 -1.29541719
1.33421695 0.00988340 0.12085178
0.00711602 0.18450513 1.67918169
0.05340042 -0.19216165 -1.04023790
0.04331867 0.43613887 1.29761875
0.04213685 0.19133081 -1.57809210
-0.17553732 -0.06331781 -1.07062793
-0.08516335 0.22828117 0.73516327
-1.03716516 -0.01370500 -0.15039074
-0.18178417 0.11156920 -0.45969307
-0.69660473 -0.04978704 -0.36758730
-1.86975396 0.04526601 0.45104119
-0.11683163 0.00715795 1.09019530
1.48278999 0.02095404 0.25567710
-0.25792792 -0.19529711 -0.05473469
-1.09649801 -0.03994649 0.18838502
1.11401033 -0.01645456 0.00652762
-0.36243564 -0.11606612 -0.32976392
0.14514920 0.18190026 -1.17216885
1.37449574 -0.02098894 0.37120730
-0.69250447 -0.18806142 -0.42428631
0.16516797 -0.14826502 0.24699424
0.08859009 -0.21025090 -0.58443666
-0.16335963 0.05663090 0.82030350
-0.16547005 -0.08760568 0.43126363
-0.15648089 0.16530637 0.43970525
-0.79693979 -0.13420363 -0.74839777
-0.81502908 -0.13396244 -0.50474739
-1.36831927 -0.02031361 0.33719939
0.14273728 -0.05354962 0.85985863
0.20665267 0.01070345 -0.73296160
-0.01726831 0.36305821 1.42979097
-0.08518746 -0.16145812 0.58466059
-0.10520626 -0.14889212 -1.53347182
-0.23127638 -0.09754272 -0.84873295
-1.20961630 -0.16558248 -0.34561008
0.17119773 0.16260505 0.15124176
0.18735744 -0.02318377 0.66690648
0.86269009 -0.07974287 -0.25477788
-0.01357810 0.47690004 1.54387403
0.32821253 -0.08594146 -0.63093805
-0.11982238 -0.09860396 -1.73124778
0.83808863 -0.14983277 -0.74164444
1.61375654 0.01246414 0.26894259
0.07713354 -0.22544590 -0.36839533
-0.37205911 -0.14891624 -0.13432747
-0.32903078 0.09829409 1.26095796
-0.72723579 -0.11551138 0.12446962
1.04551232 -0.01758816 -0.11840892
0.63380057 -0.16471420 0.15968342
0.19121651 -0.03032300 -1.35354400
0.00414939 0.41467297 1.08513021
-0.01910135 -0.19602069 0.33309919
-0.25281468 -0.19288521 -0.31150579
-0.03610527 0.17314507 1.51493132
0.80552804 0.11644124 1.82558417
-0.68333918 0.12259159 1.56944025
0.22835980 -0.21483351 -0.32588074
0.06049141 0.25179720 0.37892535
0.01939260 -0.20470354 -0.78940010
-0.17787687 0.08830882 -1.30168808
0.01982675 0.25847816 -0.40276495
-1.31935775 -0.21097448 -0.28825507
0.18301606 -0.14939861 -0.11816772
-0.19087704 -0.01141369 -0.41415635
1.05540109 -0.01638221 -0.24180184
-0.01946315 0.72773784 1.56606364
0.19628149 -0.04474618 -0.43690059
0.33882493 0.08296163 1.47561717
-0.95323098 -0.07921226 0.21684548
-0.13738826 -0.23388755 -0.24293543
-0.19398838 0.04430125 0.15510079
-1.30175102 0.01265709 0.07478446
0.20231123 0.07958979 -0.01228521
-0.16765040 -0.03290373 0.70067316
1.60724425 0.00896688 0.47323069
-0.16872369 -0.09209181 -0.53933406
-1.75518847 0.05249931 0.42885166
1.22809315 -0.15948038 -0.34792554
0.55517256 -0.08024937 -0.61740732
-0.37874007 -0.08449432 -0.52826339
0.05195329 -0.32529864 -0.20412792
0.05248391 0.25406438 -0.08391871
0.39598700 -0.09141647 -0.46087489
-0.48049822 0.09226676 1.53253806
0.01748719 0.02640493 1.64565635
-0.16499007 -0.05509323 -1.49488151
-1.73854649 0.03911566 0.25278282
-0.19087704 -0.01141369 0.05259494
-0.29019916 0.08897450 1.59380043
0.40780535 -0.21121567 -0.01590309
-0.47157422 -0.11271358 -0.21100184
-0.84469545 -0.12163761 -0.08271276
0.63476533 0.10387524 1.64637983
-0.70890534 -0.12802915 -0.67218161
0.06000904 -0.15009807 -1.85280776
0.13357206 0.07281235 1.35019839
0.19772866 0.07735155 -1.15407968
0.11765350 0.22053894 -0.75659817
0.18325722 -0.14939861 -0.00432594
0.43674815 -0.12831858 -0.58489490
-0.07807236 0.23088600 -1.08558166
1.25172997 -0.06194304 -0.14081548
0.04920370 0.23816995 1.20186627
0.83784753 -0.13941334 -0.50248021
0.56626731 0.09717256 1.53229702
-1.22143459 0.00409484 -0.00456714
-0.86712611 -0.08463903 0.14472963
0.64827198 -0.11609025 -0.28801388
-0.09365325 -0.20156805 -0.74429744
-0.19000876 0.07701629 -0.20921704
0.13718989 -0.10899924 -1.65454936
0.14587276 -0.32674578 0.00073907
-0.03224622 0.33990398 1.18015921
2.00954962 0.08172192 0.54148751
0.16613272 0.16875541 -0.12564462
0.19073412 -0.09310482 -0.77854651
-0.01270981 0.01335655 -1.89863384
-0.00163918 -0.22399877 0.08636157
0.03490113 0.62402600 1.43075573
-1.22264040 -0.20301518 -0.10659060
-0.07638404 -0.07981523 -1.89067459
-0.15261702 -0.21941613 -0.07692420
-0.10240845 0.22186550 0.22335762
0.18880461 0.12536529 -0.83160841
0.14900823 -0.11963574 -1.42734814
-1.56440699 0.00713384 0.46913052
0.12078898 -0.15706848 0.48529020
1.38076663 -0.11722384 -0.27759445
0.17867462 0.14844717 -0.94545013
-0.18414782 -0.17937857 -0.47066721
0.95554829 -0.08246832 0.21443357
-0.62955379 -0.17141926 -0.07644182
0.17939818 0.10440585 -1.36801541
-0.14017402 0.01280181 -1.70664656
-0.91391706 -0.02877939 -0.20945823
-0.29849610 0.08095492 1.43003225
0.05243566 0.25406438 -0.30031461
-1.29885650 -0.05135479 -0.10659060
-0.15648089 0.16530637 0.13218774
0.65213102 -0.15692374 -0.16317382
-0.01796777 0.24984355 0.81596208
-0.03473048 0.20847943 -1.50525260
-0.83553022 -0.24425873 -0.57008576
-0.93538290 -0.07749981 -0.00408475
0.16034417 0.11099035 0.88277161
0.17891578 0.06874830 1.12323833
0.07788122 -0.04272018 -1.90466356
0.57591492 -0.14409241 0.06658399
0.05166386 -0.14266941 0.80269653
-0.16874540 -0.10374130 -0.10683177
0.73437691 -0.07976700 -0.48142427
0.19628149 -0.04472205 -0.96064514
-0.81912929 -0.23774658 -0.74960369
-0.00180802 -0.23654062 -0.12974486
0.21316481 -0.16900739 -0.55045295
-0.54827267 0.09832303 1.62370801
1.44251156 -0.00726521 0.12109298
-0.46506205 -0.13934097 -0.33089748
-0.00412344 0.33508018 1.01687348
-0.12696162 0.20283557 -0.86947519
0.20689386 0.02150877 0.23469357
0.09884066 0.23474504 -0.61622548
0.14297847 -0.14819267 -0.98259342
-0.76269072 -0.09052408 -0.59080410
1.34362352 -0.20663306 -0.10659060
0.00873200 0.26002178 0.02992308
-0.04423338 0.08997785 1.57739961
-0.02469696 0.25623509 0.58755487
0.73751241 0.12734304 1.62419033
-0.17493437 0.12852488 -0.06124683
-0.17852809 0.12071031 0.33719939
-0.18764511 0.08793738 -0.63045573
-1.33696461 -0.10675618 -0.02193284
1.85711730 0.06695867 0.45562384
0.18591031 0.13303512 -0.30029047
-0.69998133 -0.25945368 -0.50537449
0.17385083 -0.19216165 0.15389483
-0.19087704 -0.01141369 -0.80121839
0.20231123 0.03294119 0.57621890
1.10532749 -0.04710984 0.21805142
-1.31477511 -0.05764985 -0.24252540
-0.68695706 -0.06423435 -0.23290190
-0.49183422 0.09233429 1.43027341
0.24669027 -0.15357122 -0.65264517
-0.31062800 -0.27151322 -0.26811567
-1.91750944 0.05796709 0.59720248
0.32893613 -0.29056725 -0.33938739
0.20617031 0.03289295 -0.63045573
0.11910064 0.20963714 0.72720397
0.17505676 0.10143922 1.25420463
-0.09420799 0.06525827 1.32318497
0.51199949 -0.15031514 -0.12347391
-1.27208459 -0.07405078 0.19200291
1.28187859 -0.09356308 0.15365367
-0.36776590 -0.07670388 -0.63093805
-0.87363821 -0.07101179 -0.30646491
0.77344978 -0.28791413 -0.62900859
0.16709749 -0.07190420 -1.54191351
0.25151405 -0.17238404 -0.44847769
-0.09582395 0.20430686 -1.31278276
-0.01352986 -0.19167925 -1.56386173
-1.40232730 -0.00941181 0.08684396
-0.21856567 -0.32168075 -0.39205852
0.02137037 0.25970823 1.52747321
0.71508169 -0.09274302 -0.02940971
-0.12487049 0.13491642 1.02073252
0.13381325 0.08124918 -1.69048667
1.14681220 -0.04327492 -0.08391871
-0.05098670 -0.33084601 -0.02844498
-0.05723353 -0.13241883 0.81427366
0.39429867 -0.20590948 -0.23692979
-0.00195273 0.23966530 -1.30096459
-0.76220840 -0.13331121 -0.20820405
0.03649299 0.23816995 1.30413103
0.70808727 -0.24763536 -0.71004856
-0.05149320 0.24936117 -0.59533840
2.02595067 0.01842154 0.64351106
0.91213417 -0.04773693 -0.05618186
0.04925196 0.35123989 1.24841595
-0.20850804 -0.09956871 -0.64251524
0.08369391 0.24058186 -0.95027393
0.36173797 0.11094210 1.38468850
0.12247731 -0.13649493 0.62083912
0.23318362 -0.31709817 -0.29727560
-0.00465406 0.92189604 1.76866329
-1.32997012 -0.20325637 -0.13167438
-0.36137438 -0.15026690 -0.44319567
0.14539036 -0.22689302 -0.07282397
0.20568794 0.00001872 -0.33446711
-0.19644853 0.09675290 1.43027341
0.30385235 -0.17841379 -0.27708796
0.13526039 0.01953101 -1.76694405
-0.13905972 0.10006443 1.23707998
-1.06080186 -0.03514681 -0.24175361
-1.08130300 -0.06867225 0.08708516
-0.16419414 0.15194444 -0.35722098
0.14032537 0.19888006 0.59792602
-0.46916229 -0.15856384 -0.03857496
-0.76389670 -0.21893376 -0.36257780
-0.15679686 -0.20277403 0.06368970
0.71845841 -0.25873011 -0.49432796
-1.19755673 -0.09997874 -0.16838352
-0.18868221 -0.02161603 0.49662617
0.02264867 0.61365479 1.63456166
-0.55020225 -0.06667037 -0.43745530
-0.11731400 -0.11582494 0.69777876
1.26451290 -0.01271612 0.20695665
0.05706651 0.16323215 1.48261166
0.47630334 -0.11577670 -0.21090536
-0.63968378 -0.10084702 -0.44801947
-0.01135915 0.86376917 1.61261332
1.31130385 -0.01399442 -0.08391871
-0.48363373 -0.06838281 -0.52992767
0.14539036 -0.01322262 0.94523990
-0.15037878 0.09724974 1.13457429
0.14442562 -0.33084601 -0.18712401
-0.31791192 -0.14148757 -0.25077412
0.81252259 -0.19577949 -0.39426538
-0.04326861 -0.20832138 0.22842260
1.30672133 -0.05815635 0.05259494
0.21412958 -0.09001758 -0.86923403
0.37066203 -0.07759628 -0.73030847
-0.10573688 0.21506393 0.64544046
-1.58587301 0.01082405 0.27955490
0.42058843 -0.10067818 -0.36997992
-0.19398838 0.04430125 -0.02699781
0.48739809 0.11581416 1.48695326
-1.36542511 -0.13777325 -0.25472963
-0.17915519 -0.04534915 -1.26792145
1.76112378 0.02855153 0.42861050
-0.77740335 -0.03956059 -0.32339650
0.49969882 -0.07713802 -0.41509700
-0.55092579 -0.08290248 -0.60824209
-0.11965355 0.16246036 -1.48330426
0.18904582 0.12497938 0.06706635
0.03251336 0.68818265 1.49708307
0.80432206 -0.10690089 0.05283614
0.20665267 0.01067933 -0.11816772
-0.02505875 0.54515684 1.44209170
0.84411848 -0.03594273 -0.33429828
-1.27666712 -0.02716341 0.33840534
-0.05938012 0.24639453 0.49759093
-0.17064115 -0.08044234 -0.19785698
1.65837669 0.02777972 0.18114935
-0.07370682 0.21699344 0.95151091
0.82892352 -0.04727868 -0.17619810
-0.04616290 -0.08765392 1.06487024
0.05511287 -0.30238554 -0.00601427
0.08236736 0.13349339 1.39505970
-1.13122940 -0.00921886 -0.00529072
0.70109266 -0.16235052 -0.52814281
-0.03837245 -0.32481623 -0.21481265
1.29393804 -0.03644923 -0.23068297
-0.64185452 -0.08828100 -0.13095081
1.22495782 -0.12166175 -0.02482710
0.11162374 0.22577277 -0.49003479
-0.13916102 0.08447631 -1.61378837
-1.44911826 0.02749029 0.15485960
-1.40956283 0.00961810 0.26267162
0.67914426 -0.07166300 -0.21589801
0.19097532 -0.06030294 0.20068571
0.58869797 -0.11131467 -0.47083601
0.03919432 0.36329943 1.34995711
-0.73374790 -0.11464310 0.01617521
-0.40838239 0.08876226 1.59380043
0.87378484 -0.10060584 -0.11744414
-0.00356871 0.73352647 1.74502659
0.07713354 -0.20156805 -0.69847131
0.19796982 0.10013679 0.42836934
-0.74146605 -0.11346126 -0.41126207
-0.15648089 0.16530637 -0.53938228
1.28429067 -0.03338611 0.30295038
-0.28759429 -0.08495259 -0.68761784
-0.63896018 -0.10885452 -0.33405709
-0.03656353 -0.02255668 1.35695159
-0.14309242 0.17456809 -1.10849476
-1.55138302 0.03745145 0.14400604
0.78550929 -0.12778798 -0.22224131
0.34991968 -0.18106690 -0.09525464
-0.02961725 0.40791959 1.23707998
-0.38956952 0.11144861 1.41869628
1.08458519 -0.08627912 0.05259494
-0.03381395 0.16236386 -1.66419697
-0.19374719 0.01036579 0.24627069
0.56457895 0.10452645 1.44450366
0.17119773 0.16260505 0.35625345
-0.00434051 0.43131506 1.61864305
-0.12481744 -0.11493253 -1.62391818
0.05740419 -0.21941613 -0.45378390
0.16878581 -0.03599098 0.76338243
-1.25954258 -0.10198061 0.02968188
-0.70842296 0.11055620 1.72331953
1.20807457 -0.13779736 -0.14124961
-0.68792188 -0.25028849 -0.65288645
0.17939818 0.13744892 -1.09329987
0.03304398 -0.27754295 -1.64683139
-1.23035860 -0.07993583 -0.34621307
-0.11487798 0.21204905 0.05259494
-0.03511639 0.25507736 -0.48246139
-0.03509226 0.25502914 -0.96040398
-0.11487798 0.21204905 0.33719939
0.18084534 -0.09115117 -0.52799809
-1.99782586 0.09539017 0.59961438
0.09218381 -0.04375730 1.13336837
-0.14312378 0.12165095 0.90544355
0.09980541 -0.23268157 -0.16416270
-1.12544084 -0.04821931 0.27328402
0.01751133 0.55335730 1.24069798
0.28166282 0.07568492 1.28218257
-0.03130559 0.24950591 1.24745119
-0.04770652 0.18209323 1.39626575
-0.25983331 -0.10436839 -0.52341551
0.09199087 0.23831466 -0.16843176
-0.01818484 -0.14980863 -1.89815152
-0.05028726 0.01721559 1.43268538
0.00832197 0.25124246 -1.11958945
0.50934637 0.09398643 1.60079491
-0.17018290 -0.12730558 -0.40293378
1.30358589 -0.20229164 -0.02120925
-0.82732981 -0.17503715 -0.42971307
0.20689386 0.03291707 -0.25477788
-0.02978608 0.11634476 -1.76019073
-0.13724114 -0.12588257 0.52605134
-0.55502605 -0.09218830 -0.21481265
-1.64134681 0.01434543 0.42836934
0.20375840 -0.00912239 0.06489563
0.11114137 0.22519392 0.44356436
-0.43732521 -0.08393958 -0.68785900
-0.07462335 -0.04245488 1.15700495
-0.12971601 -0.04035652 0.89772546
-0.02698827 0.48437691 1.30678403
0.05217035 0.25331670 -0.80121839
0.20207007 -0.00109075 -1.18832874
-0.03600879 -0.19312638 -0.98331696
0.69361573 -0.17141926 -0.66373998
0.06439869 -0.04508384 1.22381473
-0.03511639 0.25507736 -0.27752212
-0.11704870 -0.14894035 -1.16927469
-1.90183210 0.05839882 0.37289560
0.06155265 0.05689621 1.52047849
0.21485317 -0.17769021 -0.20986825
-0.84638375 -0.08683388 -0.16423504
1.18081999 -0.04276842 0.05283614
0.96712554 -0.05629918 0.08539683
0.07877363 -0.18203163 -1.25658548
0.09440278 0.02372772 1.29255378
0.03878430 0.10143922 1.67966413
-0.28752196 0.10771016 1.35019839
-0.07597401 0.23959295 -0.67604065
1.00716305 -0.06035119 -0.18640044
-0.19268595 -0.00063249 -0.24339369
-0.17541674 0.04524189 0.73275143
-0.14315994 -0.14165640 -0.94424421
0.84556556 -0.14317591 -0.58882630
-0.10501330 -0.21338639 -0.52775693
0.18349840 -0.07648680 0.40642101
0.08287387 0.20908241 1.07331181
-0.55599076 -0.12761913 -0.01132047
0.64730722 -0.11915335 0.02919949
0.04317396 -0.16973093 0.66811234
-0.59192812 -0.13748382 0.07671398
-0.05236149 -0.18420236 -1.46786809
-0.10896882 0.08466443 1.50455999
1.30744469 0.01215059 -0.00408475
0.02809956 0.41997913 1.49828911
-0.18291776 -0.04614508 -0.03833376
-0.10274612 0.22263730 -0.20924115
-0.01589352 -0.22834013 -0.36061695
0.82192898 -0.10494726 0.15365367
-0.16844873 -0.14944685 0.13242893
1.11449265 -0.03056419 0.11988704
0.00868376 0.25963590 0.45104119
0.12368326 0.18313035 0.91243809
0.08796299 0.08873332 -1.76187897
0.25054932 -0.14071578 -0.35823882
-0.13587841 -0.13697731 0.37096605
0.05344867 -0.19216165 0.45104119
-0.03680471 -0.20422114 -1.72208273
-0.07059547 -0.23268157 -0.08078324
1.81876791 0.03532897 0.54196990
-0.14651732 0.17864420 -0.69871253
-0.07078842 -0.22134566 -0.42500991
-1.26436639 -0.03063655 -0.17877883
0.08902422 -0.14908506 -1.76911485
0.73799485 -0.09144060 -0.39131561
-0.25990567 -0.08092470 -0.77324033
-0.15892898 -0.08164827 -1.40805292
0.18181010 -0.19626188 -0.39117333
0.19411078 0.05570714 0.68933719
-0.00858547 0.84157962 1.70281839
0.16685630 0.16923779 -0.46726638
-0.04761004 0.22777466 1.12251472
-1.10952222 -0.04638627 -0.07523588
-0.14796446 0.14417812 0.79136062
0.09223206 -0.23123445 -0.28490254
1.73845196 0.02826210 0.31452748
-1.74529970 0.02891331 0.53883445
1.46373606 0.02358301 0.04391209
-0.09372560 -0.22930494 -0.31181934
1.21820450 -0.09201946 -0.27749798
0.05930959 0.23800109 -1.24235523
1.54694664 0.02626022 0.31356278
1.24955928 -0.00133194 0.08587922
-0.82371187 -0.06500615 -0.02820378
0.09956424 -0.19722661 -0.80097723
-0.15615287 -0.13808678 0.23372880
0.06049141 0.25179720 0.18549076
0.13116015 0.01123407 1.08826566
-1.24941266 -0.05039002 0.11651036
-0.98892719 -0.05928994 -0.20608157
-0.18405135 0.10430938 0.48529020
0.41817653 0.08597410 1.45294523
-0.31701952 -0.18347880 0.00990427
-1.31935775 -0.02561979 0.24940617
0.53105348 -0.09373190 -0.27279478
0.89573312 -0.08967990 0.01858712
-0.39632288 -0.18926735 -0.33128342
0.34220159 0.08858860 1.60441267
0.05438931 -0.21483351 0.14352365
0.01003443 0.65393358 1.33114433
0.18446317 0.13180506 0.55306464
0.21364719 0.07978757 1.46428120
0.06242094 -0.18757904 -1.35885012
-0.28703958 0.08323418 1.50962508
0.05636706 -0.18468474 -1.63211882
0.18687510 -0.06855165 -0.69871253
-0.15600333 -0.20036212 -0.68327641
0.04614060 -0.10427192 1.01301432
-0.15648089 0.16530637 -0.24339369
-0.25238055 0.07500235 1.25951076
0.17795105 0.04287823 -1.53877807
0.30264637 -0.13709791 -0.70956612
0.31760016 -0.10967457 -0.44944248
-0.01037027 0.18831594 1.58897662
-0.18202534 0.08924704 -1.17699277
-0.18402724 0.10428526 -0.96064514
0.17529795 0.15536934 -0.63045573
-1.90713835 0.07005796 0.51688612
-0.02513111 -0.19360878 -1.38176334
0.03048736 0.25312373 0.74674046
0.02607357 0.34038636 1.50938380
-0.13600382 -0.12486957 -1.32846022
0.79853350 -0.07072236 -0.05666421
1.26644254 -0.21917495 -0.26201355
-1.17777908 -0.04628979 0.19803265
-0.73254192 -0.28284916 -0.57365543
0.20375840 0.07345391 -0.94159120
0.09351036 0.20741820 -1.38513994
-1.95537627 0.06147399 0.44404668
0.95988971 -0.02299082 -0.24889283
0.16999179 -0.20301518 -0.60722911
-0.02363573 -0.12062462 0.93945134
0.15986177 0.13221508 -1.43989003
-0.71011126 -0.12942807 -0.53663272
1.42201006 0.00276829 0.31332156
0.74884832 0.11345048 1.77155745
-0.84204233 -0.21676305 -0.49432796
-0.13322774 -0.13282885 -1.09450567
-1.21757543 -0.17672546 -0.02820378
1.40609181 -0.01428386 0.19007336
0.42179435 -0.18782021 -0.31070989
0.16685630 0.03318238 0.88373637
-0.23831916 -0.27778414 -0.32971567
-0.02488992 -0.21145688 -0.57310069
-0.03576760 -0.19192044 0.51905686
-0.10315613 0.16660881 1.08850694
-1.03475332 -0.08090059 0.21226287
-0.10455506 -0.08526613 -1.81831753
0.11186494 0.13515761 -1.63308358
0.63476533 -0.17431355 -0.03833376
-0.11552920 -0.30696815 -0.06462351
0.11861826 0.11113506 1.20162511
-0.84590137 -0.22206923 -0.66952854
-0.18578793 0.01347714 0.61649770
-0.01106972 -0.19698542 -1.08292854
-0.46819755 -0.15511480 -0.12902129
1.30286217 -0.12858388 -0.31070989
-0.59482241 0.12225393 1.56678712
-0.61749429 -0.17021333 -0.15277851
0.02011618 0.69638318 1.66012776
-0.42285377 -0.09609558 -0.37887505
-0.18639091 -0.20711544 -0.00866737
-0.52584201 -0.12417012 -0.39129153
-0.71927655 0.10804783 1.64637983
0.09502985 -0.18564950 -0.91506016
0.18735744 -0.06799691 -0.10683177
-0.13671294 0.19125846 -0.03833376
0.57977396 -0.06809339 -0.36974114
1.02887022 -0.07224187 0.23421118
0.78165019 -0.20373876 -0.71511346
0.19724627 -0.03423028 -1.07448685
0.45266667 -0.16577543 0.03522924
0.86413723 -0.21073328 -0.70329523
0.45363149 0.09730762 1.65699220
-1.74168181 0.03077048 0.32875776
-1.41848695 0.01280181 0.01545167
-0.13736415 -0.23195802 -0.16418682
0.17988056 -0.12663025 -0.25477788
1.89329576 0.05718322 0.35022369
1.37811375 -0.16731903 -0.21997412
-0.05950072 -0.19987972 -0.81255436
-1.42596388 -0.01196843 0.40449148
-0.01847426 0.29480141 1.39578319
-0.03014787 0.39754841 1.33813882
-0.16421585 0.14056027 0.62156266
0.05677709 -0.11271358 -1.92564714
-0.17464495 -0.06288368 -1.17313373
-0.03362101 -0.31902769 -0.11744414
-0.04266564 0.25136304 0.66738880
-1.28269696 -0.00116311 0.17343125
-0.18537790 -0.17069571 -0.55156237
0.78864467 -0.11384717 -0.69678301
-0.03516462 0.25507736 0.18934980
-0.78849810 -0.11703087 -0.67507589
-1.25520110 0.00600024 -0.07234158
-0.63751310 -0.06618799 -0.54649740
-0.75473148 -0.18564950 -0.71246034
-0.20498666 -0.19770902 -0.25316188
0.14683752 0.19492455 -0.69123566
-1.28655589 -0.14607018 -0.30822563
0.01973027 0.76753426 1.47875261
1.55804157 0.03752380 0.21178047
-1.35770690 -0.15410183 -0.08174800
0.74354213 -0.25680062 -0.42334571
-1.29210329 -0.04667570 -0.01590309
0.16347966 0.15442869 -1.26768029
-0.18581204 0.09619091 -0.55076647
-1.56151283 0.00416720 0.39412031
-0.05397746 -0.19602069 -0.89841807
0.42589459 0.08780956 1.33982706
-0.43250135 -0.16377354 0.03161140
-0.16285312 0.04065927 -1.55783200
1.61496234 0.01043815 0.34877655
-0.28465179 -0.12860802 -0.35441357
0.33858374 -0.18564950 0.01207498
-1.80101478 0.03501542 0.48529020
-0.76365548 -0.04662746 -0.44483572
-0.10009303 0.20956479 -1.22137177
-0.11340673 -0.32626337 -0.21601860
0.20472313 0.06554528 -0.78988248
-0.26509127 -0.14763792 -0.65409237
0.35160798 -0.09049994 -0.54010588
-0.01138327 0.55673397 1.60079491
0.47509736 -0.07002291 -0.61962628
-0.02660237 0.31650853 1.08971286
-0.17768392 0.05405981 -1.40419400
-1.28824425 -0.22520469 -0.19790523
-0.00202509 0.06824903 -1.82820630
-0.12307846 -0.13449305 -1.46256185
0.37524465 -0.14578077 -0.17665637
0.38537464 -0.12484545 -0.65722781
0.15190251 0.18836418 0.07550801
0.03878430 0.51066667 1.32800865
0.18446317 0.13231157 -1.01732481
0.45121953 -0.13789384 -0.42590228
0.79588044 -0.09327365 -0.28883392
-1.18887389 -0.14872326 -0.25475374
0.10800590 0.21904357 -1.12055421
1.38969076 -0.01302966 0.06513683
1.23291731 -0.20012093 -0.17144662
-0.79718089 -0.10559846 0.15365367
0.15769106 -0.11734443 0.34853539
1.79802561 0.05030689 0.27810776
-0.74653095 -0.26258916 -0.73320270
-0.43684280 0.11320928 1.47441125
-0.12498386 -0.02168839 0.97152966
-0.49955228 -0.09486551 -0.28437191
1.07855546 -0.05490029 -0.06100563
0.28166282 -0.19264400 -0.11816772
0.05646354 -0.22906373 -0.08657181
1.96324098 0.07883005 0.48529020
0.17891578 0.14772362 0.27135447
0.17119773 -0.09780802 -1.16541553
-0.40910593 -0.20229164 -0.09549583
-0.40910593 -0.20229164 -0.17508861
0.04165446 0.22167252 -1.43820167
0.15359084 -0.02395558 -1.71147037
0.11114137 -0.21145688 0.18886742
-0.77885056 -0.05716747 -0.15371916
-0.35527232 0.08203064 1.36177540
-0.08933595 0.23242962 -0.38002312
0.19941700 -0.02340085 0.53039277
-0.02373221 0.44289219 1.40711915
-0.65994376 -0.12663025 0.09914466
-0.02095851 0.40767840 1.15772843
0.18156889 -0.17214285 0.06417209
0.69216859 0.12133741 1.69196486
0.05581233 -0.02258080 1.33210909
0.20689386 0.03291707 0.39412031
-0.01980080 0.61293131 1.38517082
-0.08497041 -0.17310762 -1.26406240
-0.79525143 0.11764720 1.75274479
0.17843343 0.11586239 0.72913355
0.75101900 -0.06025470 -0.19845995
-0.08752701 0.19685405 -1.42710698
0.20038173 -0.02528213 -0.80025369
-0.18682505 -0.02986475 -0.50141901
-1.13315892 -0.02728401 -0.18939120
0.04163035 -0.19047330 -1.51827693
-0.19398838 0.03291707 -0.74429744
-0.16652405 0.14364749 0.54196990
-0.05805358 -0.28067845 0.02148142
0.06751005 0.24803463 0.26122445
-0.17546497 -0.09028289 -0.71028966
1.23146987 -0.07443669 -0.20760106
-0.17247422 -0.08143121 -0.81255436
0.70688117 -0.11543903 -0.09597823
0.15817344 0.17213206 0.67414206
0.75029546 -0.28236675 -0.56236774
-0.32302517 -0.18275522 -0.09621940
0.43095961 -0.15412594 -0.05063446
-0.18176004 0.11164156 -0.12950365
0.66853195 -0.05781869 -0.33584189
-1.02679396 -0.07291719 0.14255890
0.33207157 -0.12901804 -0.31888622
-1.65388846 0.05082545 0.24627069
1.67236578 0.01774621 0.50603253
-0.05774003 0.23392498 0.87191814
0.47485620 -0.14532249 -0.27723268
-0.31359461 -0.10289714 -0.47476745
-0.02626471 0.27294961 0.99251330
0.06111851 0.25109774 -0.87092233
-0.09008363 -0.18516713 0.34781179
-0.65270805 -0.09792861 -0.06221161
-0.03239094 0.10136686 1.64565635
0.06712414 0.03443657 1.45149827
-0.01362634 0.25838169 -0.10683177
-0.33882311 -0.12988631 -0.67145807
-0.98313862 -0.03213193 -0.03953969
0.84990698 -0.14966391 -0.67218161
-1.34805942 -0.14445421 -0.34614071
0.19965817 -0.00092191 -1.29059339
0.24669027 -0.10588790 -0.54652154
0.02860607 -0.19650309 -1.21003592
-0.15510610 0.16371453 -1.02890193
1.23725855 0.00139351 -0.11503225
-0.65174329 0.12160271 1.63480282
1.24111760 -0.07904342 0.25760666
0.97749662 -0.02863467 -0.10731416
-0.01562821 0.79623586 1.57884657
0.07103143 -0.18564950 -1.12007189
1.09206200 -0.09554084 0.16643675
-1.19755673 -0.03316905 -0.07234158
-0.67272681 -0.18709664 -0.68978852
-0.87966806 -0.09098235 0.06344850
0.04445227 0.34593374 1.17919433
-0.48122182 0.10799959 1.60031259
0.07802594 -0.19795020 0.32441634
-0.51378250 -0.11929806 -0.49336320
0.02513294 0.13469933 1.74599135
0.77296734 -0.08285423 -0.53904462
-0.40018189 -0.13285297 -0.57317305
1.10460389 -0.04747162 -0.13905479
1.35592425 -0.08507319 -0.33376768
0.09377567 0.17577404 1.19848967
0.16010296 -0.08579675 0.65532935
0.01982675 0.25847816 -0.60768741
0.03253747 0.58326489 1.50311279
-1.22239935 -0.07002291 0.33647585
0.17119773 0.16260505 -0.77082849
-0.19398838 0.02150877 0.31452748
-0.18590853 0.09567235 0.10951583
-0.03446518 -0.17455475 0.63169259
0.31591186 -0.14773440 -0.59623080
1.03538227 -0.03775167 0.05259494
-0.22505368 -0.27103081 -0.25072587
0.17988056 -0.08422901 0.47491899
0.10511161 0.23071720 -0.33825380
0.18036295 0.07253498 -1.47655106
-0.54923749 0.10095683 1.70305943
-0.05950072 0.24678044 0.03088782
-0.67562115 -0.19505592 -0.50455439
0.18591031 -0.20952731 -0.15154845
0.79009181 -0.14867504 -0.34602013
-0.09616163 0.22777466 -0.14093608
-0.10494094 -0.22231039 0.00676882
0.16733868 -0.21628065 -0.00601427
0.19796982 0.10013679 -0.53938228
-0.98265624 -0.04018768 0.02895830
0.63573009 -0.05535854 -0.47093254
-1.02992952 -0.05793928 -0.09839012
0.30481711 0.08002152 1.40736043
-0.63100094 -0.06855165 -0.27911395
-0.44070181 -0.14990510 -0.26083174
-0.17970993 -0.05586504 0.23469357
0.00002503 0.88716465 1.82751381
0.20568794 0.10127038 1.31546700
1.48930252 0.03011926 0.17777267
0.20110530 -0.14346534 -0.82364917
-0.96963191 -0.06527147 -0.14074312
-0.17732215 -0.01141369 -1.43844295
0.07223739 0.20980600 1.14325714
0.40177554 -0.16613722 -0.37579018
1.17213726 -0.03331376 0.22191045
-0.28547183 -0.32553983 -0.34254700
-0.01521819 0.28498495 1.47561717
-0.01968022 0.23763932 1.35043943
-0.07667346 0.22968008 -1.15383852
0.20689386 0.03291707 -0.45971715
0.13646634 0.20597105 0.19682668
0.11162374 0.22582103 -0.10297273
1.12414026 -0.05494852 0.28317279
-1.43681753 -0.01143781 0.32586345
0.26984453 -0.25969490 -0.29409188
1.94587541 0.05673943 0.61794478
0.88174415 -0.10284889 0.18621431
0.19531675 0.11014619 -0.10683177
0.20448196 0.03154229 -1.09064674
0.11765350 0.22053894 0.35914773
0.47630334 -0.12836683 -0.49377325
-0.11299670 0.04473539 1.15628135
-1.22191703 -0.20349756 -0.28832743
0.64320695 -0.15222055 -0.23034532
0.05166386 0.24263196 0.84900498
-0.28590599 -0.18757904 -0.16351148
0.14635515 -0.11758563 -1.49512267
0.11620636 -0.15330590 0.55282342
-0.27107278 -0.16194052 -0.48943180
-0.00245923 0.25973234 -0.03857496
0.69699246 -0.16362885 -0.59652030
0.03859133 0.28170478 1.00963771
0.09884066 0.23474504 -0.03568066
-0.07081254 -0.23509347 -0.23191305
-0.16065830 -0.15880503 -0.78047603
0.04170269 0.25358200 0.59913194
0.16155013 -0.22303399 -0.32291412
0.09105022 -0.17238404 -1.46159720
-0.18513671 -0.03775167 0.39050245
1.32529283 -0.11760975 0.00701001
-0.18687327 -0.02964767 -0.30788797
-0.09095193 -0.21821016 0.07791992
-0.13670330 -0.20132686 0.22215165
0.62367052 0.10129450 1.57812309
0.09908185 -0.10419956 0.85358763
-0.19087704 -0.01141369 -0.88105232
0.16685630 0.16923779 -0.35342467
-0.16916992 -0.09165768 -0.45969307
-0.85675496 -0.04942526 -0.08440110
-0.15184037 0.17177027 -0.42551643
0.20182890 -0.01696107 -0.57244951
0.85834873 -0.19529711 -0.47199374
0.10366447 -0.26934251 -0.04243400
1.67429519 0.02003751 0.29788542
-0.02402164 0.63632673 1.48695326
-0.05175851 0.25013298 -0.75466865
0.58797443 -0.14148757 -0.00408475
-0.19172122 -0.16085516 -0.30704382
-0.00168742 -0.01693695 1.46283412
-0.16900830 -0.07899518 -1.00623012
0.03475641 0.47545284 1.23804486
-0.19198650 0.04422889 -1.07448685
-0.18713859 -0.12860802 -0.89600611
-0.13498843 0.07675822 1.41435492
1.52620435 0.02384832 0.08250253
0.56337303 -0.10451310 -0.55609679
0.89790380 -0.03266255 -0.22103536
0.56602615 0.09859075 1.63504386
-0.42309496 -0.13374536 -0.50496447
0.27056807 0.08215123 1.49828911
0.13791347 -0.08750919 -1.72160041
0.02018853 -0.13796619 0.86130571
-0.72410029 -0.25993606 -0.42930308
-0.34391224 -0.15846737 -0.37987596
-0.21480311 -0.18468474 -0.36506689
1.23725855 -0.05641978 0.34467629
-0.01138327 0.65923977 1.60079491
-0.11487798 0.21202494 0.40545627
-0.03026846 0.49933070 1.37335253
0.18253367 0.12220569 -1.20014703
-0.04601819 0.03414714 1.49635959
0.16347966 -0.10159472 -1.34703183
-0.88304466 -0.03263843 -0.35933143
0.03152448 -0.21531591 -0.53921348
0.04317396 0.20213611 1.37624693
-1.47806096 0.02015811 0.28510228
-0.03516462 0.25507736 0.31452748
0.20665267 0.01070345 0.31452748
0.87981457 -0.04836403 -0.38807884
-0.21796270 -0.20108566 -0.10659060
0.17915699 -0.08393958 0.26990730
0.18735744 -0.06802104 0.04125903
1.58216047 0.01945866 0.40473264
0.06541170 -0.19746782 -0.85789806
-0.08005013 0.01306712 1.27977073
0.86317253 -0.20494473 -0.53991288
-1.12857628 -0.05188540 0.13267009
-0.27951443 -0.09146474 -0.61106408
-0.03945781 -0.05767397 1.20982563
0.03280278 0.41250220 1.42352021
0.21581791 -0.12479722 -0.48451152
0.57905036 0.10464705 1.72211349
-0.37997019 -0.12204763 -0.26748857
0.18205127 -0.10391013 -0.41415635
-0.13000785 0.09309403 1.07307076
0.28962210 -0.20639187 -0.34558597
0.06360276 -0.18902616 -0.97173989
-0.19398838 0.04430125 -0.93797332
-0.08313736 0.23626454 -0.90372419
-0.14651732 0.17864420 -0.92639607
0.09165319 0.23759110 -0.68062329
-0.14651732 0.17864420 0.29161441
-0.80948162 -0.08360192 -0.28844801
-1.19490361 -0.16683668 -0.15248908
0.14587276 0.16002433 -1.38321042
-0.34876016 -0.17238404 -0.20309082
0.13188373 -0.14698672 -1.24524963
0.05190504 0.23057245 -1.33545470
0.19628149 -0.04474618 -0.28890628
0.96133691 -0.08263716 0.14400604
0.20231123 0.06914385 1.20234859
1.35085893 -0.20349756 -0.26584849
0.20014052 0.08949064 -0.66470474
0.04160623 -0.20687424 -0.63093805
-0.09360501 -0.20566827 -0.64179164
-0.04001255 -0.27609584 -0.16529629
0.14129014 0.19945893 0.53352827
0.08140261 0.23778403 -1.03227866
-0.73278314 -0.13024811 -0.74719179
1.19408536 0.00028403 -0.06148802
-0.86881441 -0.03174602 -0.25511554
1.60700321 0.02194292 0.14304130
-0.15168120 0.17196323 0.37144846
-0.08376446 -0.14976040 -1.71725893
-0.01835366 0.47738239 1.46331644
-0.70263445 -0.13224998 -0.60021049
0.75825483 -0.20422114 -0.35747665
0.22474195 -0.20422114 -0.06124683
-0.15333816 0.11803310 -1.44977891
-0.38619286 -0.20711544 0.04053545
0.56723207 -0.11539078 -0.09694298
0.18422200 0.07671963 1.38902998
0.14683752 0.12001085 0.97201198
0.24476072 -0.13922040 -0.77372271
0.62318820 -0.11329243 -0.35719204
0.00680248 0.46411696 1.13553905
-0.57239175 -0.12489368 -0.26683739
0.13260728 -0.28863770 -0.13625699
-0.72072369 -0.08603795 -0.03929854
0.04163035 0.17087787 -1.64297223
-0.08308912 0.14950842 1.27542937
-0.02462461 0.25601804 -0.35722581
-0.62062973 -0.05813223 -0.40482229
0.02766543 0.51114899 1.50962508
1.31202745 -0.02779051 0.36155963
-0.01577293 0.06036211 1.69124115
0.12657753 -0.15200347 -1.06315088
1.35857713 -0.17961976 -0.05135804
-0.27734372 -0.13615726 -0.72331399
1.23050523 -0.08309542 -0.08512467
0.07035609 0.22683400 0.94765180
0.11403564 -0.04747162 -1.84291899
-0.00060206 -0.19505592 -1.65744376
-0.16418932 0.15194444 -0.83546740
-0.07597401 0.23959295 -0.52802229
-0.09254377 -0.16876620 0.50410306
0.16854464 -0.00880883 0.82030350
0.63910675 -0.13560252 0.08949707
0.14587276 0.16195385 0.84418124
0.17529795 0.15536934 -0.18644869
0.20520553 0.06565623 0.28027847
-0.54851389 0.09700373 1.53253806
0.71990550 -0.14240409 -0.47155961
0.04269158 0.31867924 1.30581927
-0.42164782 -0.08222714 -0.46902713
0.19266365 0.01408012 -1.41191208
-0.15614805 -0.03261431 0.76868868
-0.09051777 -0.16756023 -1.33714306
0.25151405 -0.09380426 -0.67073447
-1.34637105 0.01767385 0.02992308
-0.13738103 -0.10318657 0.63989317
0.12247731 0.09560000 1.29303622
1.35399473 -0.01047305 0.31308040
0.12295970 0.15828773 -1.52695978
-1.29379153 -0.21748662 -0.08198920
-0.14112671 0.16130263 -1.31302404
0.57784438 -0.12467661 -0.30026636
0.47968000 -0.09406958 -0.34114808
-1.18622077 -0.01621338 0.14400604
0.81565797 -0.27681938 -0.67531711
-0.18581204 0.09619091 0.39412031
-0.35500696 -0.14645609 -0.50506091
0.64682484 -0.08381898 -0.16411445
1.11063373 -0.03982590 -0.20687750
1.27006042 -0.20518589 -0.34464535
-0.14179240 0.18472220 0.18934980
0.77079666 -0.04445675 -0.44558343
0.62342936 0.11866020 1.51034856
-0.61725312 -0.17431355 -0.01566189
1.28453195 -0.22182804 -0.11792653
0.00359464 0.56927586 1.69654739
0.55879039 -0.13772501 -0.16430740
1.70227337 0.01974808 0.45176479
-0.12370313 0.15705769 0.95247567
-0.64836663 -0.11985280 -0.18389206
-0.05339861 0.11205158 1.52023733
-1.32104611 -0.06179832 -0.16348736
0.19531675 0.11012206 -0.89238828
0.61088747 -0.15562131 -0.11430867
-0.60688186 -0.05675745 -0.49362850
1.32408702 -0.05516560 -0.28126058
0.31012329 -0.32312793 -0.39368895
0.58604485 -0.11594554 -0.40824717
-0.10113014 0.21050543 0.79208416
0.05610175 -0.28116080 -0.16117193
-1.22167575 -0.07195242 -0.11382630
0.44253671 -0.07699331 -0.55127299
0.32290637 -0.32988122 -0.28782094
-1.27232575 -0.16179579 0.02244616
0.43698934 -0.16242287 -0.20246369
-0.16936286 -0.17190166 -0.14091197
-0.13382347 -0.03500209 -1.74475467
0.77079666 -0.10670795 0.11385725
-0.77161473 -0.15998685 -0.37807429
-0.67465633 -0.05034179 -0.44826066
-0.07435803 0.23544449 -1.01177752
0.17336844 -0.13794208 -0.93025517
0.74788356 -0.09409370 0.02244616
0.02867843 -0.19650309 0.39508504
0.26067930 -0.11153174 -0.83136719
-0.16743574 -0.12670262 0.07550801
0.19821101 -0.03480914 -0.89214718
-0.15128806 0.02922686 -1.63718379
-0.92356467 -0.08572439 0.12109298
-0.19343364 0.05537430 -0.80121839
1.30406809 -0.04694101 0.12085178
0.52068233 -0.12412188 -0.44816414
-0.14838172 0.09763082 -1.54094875
-1.58514929 0.04333649 0.20068571
0.14876704 0.08785538 -1.62126505
-0.19693092 -0.15957685 -0.64275640
2.00689650 0.08824852 0.61022675
0.03383990 -0.31372148 -1.70351100
1.31564546 -0.05176481 -0.14137022
0.17578033 -0.09146474 -0.99417055
0.39453986 -0.18130809 0.04560041
0.07710943 -0.23557588 -0.22074594
-0.65270805 0.11043561 1.76383948
-1.48216128 -0.00482920 0.42716333
0.70446932 -0.07523263 -0.14180435
-0.41296500 -0.07446081 -0.58516020
-0.16189560 0.06741934 1.19101274
0.05243566 0.25406438 -0.48246139
-1.06031942 -0.01421149 -0.05955850
-0.04650056 -0.04156247 -1.92733550
-0.07857887 -0.13307004 0.75735271
-0.16772757 0.14422636 -0.64179164
-0.17642975 -0.06372784 -0.59251648
0.03424993 0.36088750 1.11359072
0.02424053 0.42022029 1.56630456
0.13019539 0.13399990 1.07692981
0.14635515 0.06859875 1.06824696
-0.70962894 -0.14011279 -0.45716056
0.37548584 -0.13871388 -0.59027344
0.70350456 -0.04846050 -0.42549226
-0.03902367 0.27225012 1.19197738
0.38296273 -0.14913329 -0.44864655
-0.15648089 0.16530637 0.05259494
-0.68382156 -0.07221774 -0.17299026
0.16227369 -0.05685392 -1.62030029
-0.07281442 -0.10460959 0.90833783
1.24111760 -0.05499676 0.13146415
0.03113857 0.25773048 0.13242893
-0.14993498 -0.01274024 0.84804022
-0.51378250 -0.10993989 -0.56149942
-0.19398838 0.04430125 -0.39139041
-0.28962031 -0.32481623 -0.24951993
0.02759308 -0.17190166 -1.80698168
0.06572524 -0.22472230 -0.02723900
-1.21636951 -0.00311674 0.06875471
-0.19398838 0.02150877 -0.47107720
0.24066049 -0.16126516 -0.26155528
-0.02845954 -0.28212556 -1.65165520
-0.11468504 0.06283431 -1.73317742
-0.08494628 -0.14997748 0.65291744
0.04435579 0.27089944 1.25444579
-1.34854186 -0.09493786 -0.08464228
0.10511161 -0.14305530 -1.71171141
-0.34282687 -0.16519658 -0.29978397
0.03330928 0.01863861 1.57667589
-0.08497041 -0.05063122 1.09140110
0.93046451 -0.06662213 -0.27728090
0.43916005 0.08789879 1.50890160
-0.77812690 -0.10258358 -0.04002209
-0.58469242 -0.11430543 -0.39284474
-0.10255316 0.22227551 0.14376484
0.02706246 0.70482481 1.60031259
-0.82732981 -0.14373064 -0.56227124
0.03181390 0.27196071 1.37335253
-0.75931412 -0.19409116 -0.29655200
-0.10257728 0.22174489 0.46285951
0.10101137 -0.20615067 0.27014855
0.16323847 -0.06727334 0.71225011
0.09666994 0.23300849 0.57646012
0.14249609 0.17960897 0.77278888
-0.39125788 -0.15629666 -0.06245280
-0.08275146 -0.23436990 -0.14100844
-1.84780538 0.07055964 0.39412031
-0.58155692 -0.09529965 -0.16187139
1.26620126 -0.12894568 0.01713999
-0.87822086 -0.08825689 -0.01542070
-0.14624478 -0.04575917 -1.66588533
0.81204015 0.12570295 1.76745737
0.35932606 0.10095683 1.54918027
0.28262761 -0.08594146 -0.73320270
-1.26677835 -0.04761634 -0.27554435
-0.32304925 -0.11143526 -0.41541055
0.85304248 -0.05564798 -0.07378871
-0.58445126 -0.10936104 -0.08488347
0.09884066 -0.10229415 -1.85859621
0.37452105 -0.16707784 -0.03953969
0.08453808 0.23199548 0.76941228
1.00981617 -0.05386316 -0.25436783
-1.79040241 0.06354582 0.38278437
0.14249609 -0.17937857 0.32393396
-0.05578639 0.07682575 -1.79854012
-0.69829303 -0.05371845 -0.28972635
-0.12140460 0.20790058 -0.56215066
-0.37912604 -0.09681915 -0.42614347
0.77224374 -0.27923128 -0.47240376
-0.04177323 0.23889352 -1.25537956
-0.23291649 0.10081211 1.37069941
0.07612053 0.11482526 1.45535719
-0.23019104 0.08087052 1.47561717
0.80986947 -0.05989292 -0.11334391
0.09577755 0.23259844 0.67848349
0.46641457 -0.12829447 -0.15314029
-0.20238182 -0.13975099 -0.82003129
-1.08685040 -0.02330437 0.05042423
0.05265274 0.21048130 -1.49464023
-0.15368067 -0.10776917 0.29547346
-0.19343364 0.05537430 0.05259494
0.37186798 -0.10562259 -0.40950137
-0.00528116 0.86401033 1.76022160
0.14273728 0.06285602 1.16882324
-0.00243511 0.25937060 0.50844449
0.74957186 0.12459347 1.70257723
0.10004661 -0.13955805 0.69464338
1.22833443 -0.05810812 0.20020337
0.18591031 0.13303512 -0.42554051
0.13333087 -0.01862527 1.00216079
0.11162374 -0.14901271 -1.62054157
-0.81599379 -0.17672546 -0.71318394
1.43334615 -0.01242669 0.25808904
-0.04806830 -0.21603945 0.12085178
0.03169331 0.32953280 1.39698923
-0.23146936 -0.10103998 -0.57433075
1.36967206 -0.14824089 -0.34141338
0.02665243 0.83000255 1.65723336
-0.31547588 -0.10875806 -0.75997478
0.11162374 0.22582103 0.05645398
0.42155313 -0.20759779 -0.07234158
1.37184250 -0.10333128 -0.10441988
0.00484883 -0.12409774 -1.94952500
-1.58949089 0.00949750 0.34347036
0.64513648 -0.10412721 -0.43699706
-1.70984471 0.02452365 0.40569744
0.29348114 0.07795453 1.35043943
-1.46937811 -0.00364736 0.21346880
-0.03750417 0.32977402 1.23707998
0.78382087 -0.04124892 -0.33485302
0.36077321 -0.16707784 -0.27716032
-0.17667092 -0.20590948 -0.20149894
1.72880411 0.05151284 0.38206083
-0.11639749 -0.21748662 -0.47107720
0.37235034 -0.14469540 -0.52763629
-0.01010496 0.48847714 1.60055363
-0.19343364 0.05537430 -0.26616204
-0.18807921 0.08593309 0.25736541
0.78985071 0.12736717 1.64903295
0.19001055 -0.20349756 -0.26589674
-1.28173208 0.01017283 -0.01927974
-0.07057135 -0.18034332 -1.12103677
-0.19087704 -0.01141369 -0.64179164
-0.11719342 -0.01720225 1.02869177
-0.76413792 -0.07995994 -0.51215190
-0.17855223 0.10990499 -1.09715879
-0.49279892 -0.07378548 -0.43723825
0.88608557 -0.02952708 -0.27771506
-0.15824157 -0.05675745 -1.55228472
0.18591031 0.13303512 -0.02699781
-0.26793730 -0.17093691 -0.39585966
1.80767345 0.03352005 0.48529020
1.20735085 -0.14857855 -0.28866509
-0.13202420 0.19726408 -0.09549583
-0.19003287 0.05464831 -1.13116670
-0.94768363 -0.02354556 -0.25588733
-1.35408902 -0.09349070 -0.21961232
0.02981202 0.78441751 1.61213076
0.20641147 0.01070345 -0.92639607
0.58821559 -0.08343310 -0.26150706
0.20038173 -0.02523389 0.15606554
0.54552495 -0.06922698 -0.44893599
0.03767483 0.55697519 1.45222175
-0.04418514 0.25283432 -0.81158966
0.13887826 -0.12088993 -1.55228472
-0.15080568 0.09820244 1.29327726
0.19989936 -0.02516153 -0.51564920
-0.12696162 0.20283557 -0.50522977
0.06618350 -0.07942933 1.08754218
0.12271849 0.08716076 1.40736043
-0.83938926 -0.08160004 -0.23856989
0.38633940 -0.08263716 -0.58523256
1.88895452 0.04434949 0.49759093
-0.60688186 -0.06302840 -0.34657487
-0.18699388 -0.01131721 0.55427063
-0.01714771 0.71519595 1.48767674
-0.50365251 -0.08287834 -0.64058572
0.79250377 -0.08278187 -0.48214787
0.87089062 -0.13550605 0.04222377
0.70398694 -0.10304186 -0.28897864
0.20182890 -0.15646547 -0.69847131
-0.17970993 -0.05586504 0.08684396
0.20182890 0.08149037 -0.72910249
0.17650393 -0.06946818 -1.42734814
1.33084023 0.00228591 0.19972098
-0.16749603 0.08850901 0.76917112
-0.00561882 0.80733061 1.74840343
0.07522814 0.24468209 -0.40276733
-0.17970993 -0.05586504 0.01858712
0.96254283 -0.04932879 0.02895830
-1.25182450 -0.05559974 -0.06824136
-0.01955962 0.11265456 1.71367192
-0.00209744 -0.19819139 0.46237713
0.25826740 -0.16548601 -0.50462681
-0.16846323 -0.07875399 0.51905686
0.03109032 0.25773048 0.30391514
0.11138255 -0.20518589 -0.65312761
1.30262101 0.01000400 0.05259494
-0.16812554 -0.10374130 -0.04991091
-0.16419174 0.15194444 -0.77854651
-0.15648089 0.16530637 -0.30031461
-0.19398838 0.03291707 0.46237713
-0.53717792 0.09557106 1.46452248
0.50862283 -0.10907161 -0.59538668
1.88702500 0.04630313 0.40569744
0.03494938 0.59001821 1.38517082
0.67890316 -0.09216417 -0.48277494
0.12971300 0.20956479 -0.93797332
0.15865584 0.11750249 -1.50983536
-0.04802006 -0.22086327 0.04077664
1.37280750 -0.17262523 -0.14149082
-0.18573970 -0.00376796 -1.30602944
-0.15740465 -0.20349756 -0.42648113
0.30457589 0.09007433 1.22598529
0.01430349 -0.20735660 -0.73296160
-0.20134470 -0.09288774 -0.76069850
-1.02968836 -0.07067413 0.06368970
-1.26605463 -0.04407084 0.24361758
0.03162094 0.73955619 1.54459751
1.31251001 -0.04855698 -0.03905734
-0.85940808 -0.13099580 0.11313371
0.19748746 0.03291707 -1.33593702
-0.02341866 0.03238645 1.60706580
-0.52222413 -0.12848742 -0.05666421
-1.10735154 -0.00613163 -0.12950365
-0.19398838 0.04430125 -0.08391871
0.72062910 -0.26765418 -0.62659663
-0.06796650 0.18710998 1.23611522
-0.61725312 -0.17358997 0.04077664
0.20182890 0.08149037 -0.59251648
-1.27063727 -0.21821016 -0.31579900
-0.75449032 -0.28260797 -0.49437621
0.09884066 0.23474504 -0.27470019
-1.68789637 0.05320117 0.30295038
1.08554995 -0.09800098 0.11048061
-0.14767021 0.16931015 0.66714758
-0.01304748 0.88668221 1.66929281
1.64872909 0.02968512 0.42788696
0.96712554 -0.03722104 -0.04966971
0.61426413 -0.06809339 -0.32460245
0.60292816 -0.07484671 -0.58798212
1.49895000 -0.00453977 0.30319160
0.03154860 -0.23171684 -0.31116816
0.20568794 -0.00005363 -0.67604065
-0.73230076 -0.10113645 -0.24329720
-0.16501902 0.12953787 -1.24500835
0.16106774 0.07779533 0.92811543
1.29442060 -0.09739800 0.09817991
0.03087326 0.44289219 1.18160629
0.00525886 0.91224837 1.58970010
-0.03538170 -0.27706057 -0.03230402
-0.41778874 -0.12665437 -0.20309082
0.20472313 0.06560076 -0.30031461
0.04131678 -0.18902616 -1.57519770
-0.10701519 0.12727068 -1.63043046
0.17529795 -0.19264400 -0.51656568
0.00436645 -0.16165106 0.74022830
0.02426464 -0.01249904 -1.93167686
0.37524465 -0.13507192 -0.23364961
-0.82274711 -0.23268157 -0.42947194
0.76404321 -0.13784559 -0.27769095
0.71339339 -0.10822745 -0.18601452
-0.23161405 0.08731029 1.56413412
-1.35770690 -0.17503715 -0.21382377
-1.31260455 -0.02318377 0.13170534
0.73606527 -0.09544436 -0.33403298
-0.67272681 -0.10714209 -0.26563144
-0.01283041 -0.18685544 0.57501292
0.13429563 0.06769429 1.23659766
0.02098446 0.93733215 1.72163117
1.67140079 0.05067350 0.24627069
-1.19586837 -0.10610496 -0.30132759
-0.01579705 0.36908799 1.48647070
-0.04623525 -0.19047330 -1.04023790
-0.93875962 -0.08044234 0.06151899
-0.24205761 0.10696246 1.31619048
-0.75907290 -0.06905815 -0.08898370
0.06215563 0.01367009 -1.87547958
-0.06813533 0.24304199 -0.09549583
0.54383665 -0.13615726 -0.22060122
1.42828119 -0.01428386 0.38302553
-0.10629161 0.12273630 1.17871201
0.75560170 -0.15771967 -0.40588352
-0.40090546 -0.14797559 -0.40446046
-0.12272872 -0.19577949 -0.79663581
-1.28848541 -0.08972815 0.07526685
-0.18624617 0.09410220 0.17801385
0.14587276 -0.27006608 -0.19069363
-0.32121626 0.07971521 1.31643176
1.05612469 -0.01474211 -0.18652104
0.14900823 -0.18492593 -0.82244307
0.08386274 0.24096775 0.31356278
-0.34478050 0.09401055 1.60007131
-0.44190782 -0.10403074 -0.29544252
-0.70721698 -0.11987692 0.06417209
-1.01159906 -0.04937702 -0.26201355
-1.99951410 0.08259743 0.65315866
-0.06417981 0.21566689 -1.36946261
0.03914609 0.16762182 1.60127735
-0.14172487 0.18467395 0.50796211
-0.07549162 0.23833880 0.59889078
0.22715385 -0.13553016 -0.41567585
1.26837206 -0.08789510 -0.02410355
-0.08224496 0.11798486 1.33307385
1.21386290 -0.00275496 0.03474689
1.22857571 -0.02472739 0.24675307
-0.25814497 -0.22834013 -0.35313520
0.82627040 -0.15123165 -0.42332157
0.15069655 0.18742353 0.42836934
0.23366599 -0.27633703 -0.25641796
0.45387265 -0.07947756 -0.48323324
-0.25915799 -0.19433236 0.00001548
0.06189032 0.19953129 1.27349973
-0.01652062 0.20628460 1.47609949
0.05899603 0.22869118 1.02820933
-0.53838390 -0.13639846 -0.18729284
-0.85434300 -0.10781742 0.20020337
-1.22746432 -0.20904498 -0.16396973
-0.24073106 -0.16319469 -0.23085180
-1.07672048 -0.04679630 -0.16787702
-0.84035403 -0.06968524 0.02341093
0.85304248 -0.06604327 -0.00553188
-0.13486300 -0.12349478 -1.38296914
0.13646634 0.10262104 1.12637377
0.02904020 0.55625159 1.29375982
0.20255244 -0.01732285 -0.39042804
0.13694870 0.20558515 -0.80507743
-0.91560537 -0.07940521 0.17439601
-1.39316189 0.01289828 0.21105693
-1.34516513 -0.01744344 0.08708516
-0.18605323 0.06130757 -1.25537956
0.93504721 -0.07021587 -0.20878291
0.17746866 0.08860549 1.50359535
-1.19490361 -0.03719692 0.03257618
-1.43754089 0.02570548 0.06441328
-0.90354580 -0.03251784 -0.15328501
0.20134650 -0.01606866 -1.00623012
1.28814971 -0.06638094 0.19996218
-0.33339635 0.10467116 1.46379900
0.48763934 -0.13931686 -0.06269395
-0.76582623 -0.04120068 -0.39117092
0.32773015 0.10705894 1.31643176
1.24666512 -0.17093691 -0.02120925
-0.92501175 -0.05545502 -0.33429828
-0.15664971 -0.20253283 -0.51666218
-0.02462461 0.25601804 -0.67604065
-0.86061400 -0.03538800 -0.20202957
0.15166132 0.18795413 -0.06124683
-1.22191703 -0.01860116 0.21129809
0.00824961 -0.18299641 -1.74692512
0.09133964 0.16986489 -1.57640374
1.78596616 0.06076248 0.39363796
0.89838624 -0.04339552 -0.10779655
-0.81912929 -0.08266128 0.07816111
-0.78753340 -0.12298828 -0.46022370
0.08890362 -0.09426253 0.94499868
1.10026252 -0.02518565 0.05741876
-0.17288424 -0.07144593 -0.33825380
-1.28993249 -0.09317716 -0.30144817
0.15720871 -0.11722384 0.43970525
0.76090783 -0.12964514 -0.75056845
-0.56081456 -0.06170185 -0.55083889
-0.13991353 0.18286504 0.60009676
0.02858195 -0.19650309 -1.26695669
1.15814817 -0.04416732 -0.00432594
-0.97903842 -0.02701870 -0.09236036
-0.00282102 0.20225672 -1.55180228
-0.02768772 0.28915754 1.04316318
-0.44142547 -0.07062589 -0.63648552
0.18156889 -0.09590262 -0.06197041
-1.53884089 0.00349187 0.30319160
0.20375840 -0.00912239 0.00797475
0.13791347 -0.14189759 -1.14274371
-0.82274711 -0.11818860 -0.01590309
0.18349840 0.01181293 0.74577570
0.13333087 -0.30720937 -0.06462351
-0.01425343 0.36498773 1.07234704
-1.29137981 -0.03051595 0.03450570
-1.86541235 0.04275763 0.53449309
-0.07855474 -0.16731903 -1.57519770
0.53081232 -0.11780269 -0.51567328
0.52092355 0.11219630 1.41580200
0.01835549 0.68046457 1.37600565
-0.19087704 -0.01141369 -0.35724029
-0.64571351 -0.09322541 -0.49987534
0.43795410 -0.11635555 -0.63624430
-0.00139799 0.21368915 1.54363275
0.15696752 0.18177968 0.30680943
-1.39702117 0.02167761 0.14979459
0.01321813 -0.03693161 1.36635804
-0.12115616 -0.11054286 -1.67625666
1.25583005 -0.17141926 -0.30480072
-0.84686613 -0.19891495 -0.54589444
-1.51448083 0.00669970 0.12254010
0.81445205 -0.11951515 -0.64179164
0.23487192 -0.26982489 -0.37778002
-0.47278017 0.09778518 1.38155305
0.18253367 -0.13799033 -0.19783285
0.02843724 0.69252402 1.44209170
1.27078402 -0.04944939 -0.08367752
1.83830452 0.06582507 0.40545627
1.34000564 -0.01898707 0.02992308
-1.31573987 -0.01160664 0.29981488
0.75077790 -0.28116080 -0.67579949
0.67070264 -0.06589855 -0.26731977
-0.95298988 -0.07038470 -0.07861253
0.83953583 -0.26210678 -0.57384837
0.08967543 0.04432537 1.34971583
-0.38956952 -0.12301239 -0.64179164
0.84460080 -0.23244037 -0.74670935
-0.01562821 0.80733061 1.62997901
-1.01618171 -0.01698518 -0.22038414
-0.18636678 -0.02981650 -1.00237095
-0.01350574 0.53382093 1.53253806
1.06649590 -0.04829166 0.17053698
-0.19179356 0.04432537 0.54172873
0.28214523 -0.09419018 -0.60766327
0.05446166 0.24395852 1.09984291
-0.09963477 -0.27657822 -0.20784226
0.28045690 -0.18757904 -0.23135827
0.72135264 -0.13345593 -0.69847131
1.14874172 -0.03121540 0.16523078
0.74016553 -0.25945368 -0.74936247
-0.00132564 -0.22110446 0.14328246
-0.28923440 -0.18179044 -0.23449378
0.02493997 0.79454756 1.53374398
0.04206448 0.41997913 1.24817491
-0.58203936 -0.10924044 -0.47028133
-0.07158434 -0.20253283 0.30246797
-0.18511260 -0.03792049 0.44742337
0.20255244 -0.01732285 -0.24242893
-0.13731591 0.07822707 1.00867295
1.35737133 -0.07569088 -0.24713212
0.70229864 -0.21000971 -0.74526227
0.80601043 -0.11707912 -0.55949754
1.55755901 0.00515608 0.45924166
0.40756413 0.09084855 1.63432038
-0.12596551 0.07959462 -1.67649770
-0.00245923 0.25973234 -0.76696932
0.03227216 0.33483899 1.06897044
0.24813741 0.09885848 1.43027341
0.17867462 0.14844717 0.02220500
-0.05617229 0.18457749 -1.56193233
0.05434106 0.07045110 1.57161081
0.79274493 -0.11401600 -0.43591169
0.36222038 -0.11577670 -0.35862228
-0.29123628 -0.13755617 -0.30402893
0.11090017 0.22488037 0.50048518
0.88439727 -0.08092470 -0.16392151
0.15069655 -0.12163761 -1.29059339
-0.21776974 -0.27127200 -0.38123149
-0.07204261 -0.12817387 -1.85280776
-0.12749223 0.07394353 1.36153424
-1.28655589 -0.08970404 0.13218774
0.12271849 -0.22086327 -0.42498577
0.81614035 -0.09267066 -0.15253732
0.02001970 -0.06888931 1.21344340
-1.35167730 -0.09597498 -0.31078222
0.19169888 -0.05135479 -1.18760514
-0.17392135 0.09578330 1.38420618
0.19001055 0.08131912 -1.32074213
-0.24519308 -0.12730558 -0.79470623
0.17119773 0.16260505 -0.86199832
0.14756107 -0.12978984 -1.19966471
0.16685630 0.16916542 0.21515717
-0.67441517 0.12169920 1.68062890
1.50112069 -0.00422622 0.43632859
-0.68430400 -0.24377634 -0.57387251
-0.12675661 -0.09235712 0.74215776
0.25682026 -0.17455475 -0.16440389
0.29396352 -0.12699205 -0.38136169
-0.42405975 -0.14264528 -0.10659060
0.79467452 -0.04819519 -0.22195189
1.40609181 0.02073697 0.14328246
0.04886605 0.24145013 0.90375519
0.24765500 -0.32505745 -0.24901341
0.09980541 -0.19843259 -0.74405634
1.47627807 -0.00511863 0.21226287
-0.04840597 -0.09631263 -1.92998862
-0.31147215 -0.15948038 -0.43832362
-0.09449741 -0.10364482 0.83381003
0.05248391 0.25406438 -0.02699781
0.31036448 -0.27223679 -0.39116606
0.79443324 -0.25462988 -0.42209151
-0.19398838 0.04430125 -0.59632725
0.38440987 0.08471750 1.49828911
-0.03678060 -0.20060331 -0.76696932
0.00914202 0.77187568 1.78482306
0.17433320 0.14439519 -1.15407968
-0.08217259 -0.21169804 0.18886742
-1.54897082 0.00768858 0.20189169
-0.32145739 0.09965441 1.55520999
-0.05175851 0.25013298 -0.15135549
-0.71686465 -0.09452783 -0.35463056
0.24693143 -0.17937857 -0.39098278
0.18856341 0.12493114 0.31838658
0.43023601 0.11323341 1.39674795
0.47557974 0.09084132 1.54411530
-0.51595318 -0.07397843 -0.39210916
-0.02054849 0.53309733 1.29424214
0.19965817 -0.02422090 -0.16324617
0.21340601 0.07260010 1.27060556
-0.89727491 -0.05844578 0.02341093
1.17068994 -0.01556216 0.09793872
-0.15431741 0.07784598 0.88253051
1.93164504 0.05176609 0.45128241
0.01982675 0.25847816 -0.23198541
-0.07040252 0.14039142 1.37865877
-0.01135915 0.38597128 1.55520999
-0.17102706 0.01017283 -1.51827693
-1.12761152 -0.04923231 0.06537803
-0.50317007 0.09551799 1.64637983
0.16950941 0.11820193 0.80004346
-0.19343364 0.05537430 -0.16368030
-0.01362634 0.25838169 0.36011246
-0.24082752 -0.11908101 -0.47030541
0.27008569 -0.25366512 -0.34423530
-0.48194540 -0.06884108 -0.59721971
0.68035030 0.12230216 1.63504386
-0.63992494 0.10291047 1.58945906
0.23270121 -0.31806293 -0.34770846
0.18494557 -0.04411908 0.62108034
0.07554168 0.24540563 -0.74429744
0.11355326 -0.00017422 1.15628135
1.32963443 -0.06006176 -0.09308393
-1.70984471 0.05377761 0.36035371
-0.17970993 -0.05586504 -0.11816772
0.02906432 0.30620968 1.46428120
0.16637391 0.16902073 -0.25094295
-0.70504624 -0.26475987 -0.69798899
0.02773779 0.20348680 1.49997747
-1.22336411 -0.07144593 0.17970218
0.54263067 -0.08290248 -0.32986036
1.18709087 -0.00128370 -0.11262035
0.47196195 -0.13888271 -0.36264053
-0.99375099 -0.01828761 -0.17540216
-0.18868221 -0.02161603 -0.16368030
0.22618908 0.09122239 1.51999629
-1.10566318 -0.05051062 0.00749236
-0.16894078 -0.17214285 -0.07258278
-0.01210683 0.30625793 1.52096105
0.05219446 0.28307956 1.17967689
-0.00219392 -0.09667443 1.08730090
0.38513345 -0.07530498 -0.66518706
-0.82129997 -0.09370779 -0.11720297
0.55589610 -0.12757090 -0.04002209
0.77007312 -0.10757623 -0.03809257
-0.02433518 0.14521524 1.66856933
-0.07428568 0.09308197 -1.75488448
0.64730722 -0.10728680 -0.02772140
-1.96188855 0.06005580 0.62903953
-1.94211090 0.05515963 0.54944682
-0.27514890 -0.15673077 -0.53904462
0.06049141 0.25179720 -0.34963796
-0.16521680 -0.16473831 -0.71704304
0.92033458 -0.06985407 0.10734513
-0.18455784 0.04461480 -1.32484233
-0.06849711 0.04507306 1.39554191
0.13815467 -0.23026967 -0.13239793
0.24789621 -0.15960096 -0.58494312
-0.05682351 0.13537468 1.47634077
-0.09970712 0.19933832 0.90737307
-0.17544086 -0.14657669 -0.35731024
0.00434233 0.38235343 1.61598992
-0.01299924 -0.22279279 -0.44787472
-0.02679532 0.34882802 1.12757981
1.05829537 -0.02344908 -0.02820378
-0.04483636 0.22922179 -1.32387757
0.86172533 -0.07631797 -0.31121638
0.52188826 -0.06635682 -0.57367957
-0.28805256 -0.32288674 -0.39334163
-0.08948066 0.23242962 -0.81255436
-0.59023982 -0.14621489 -0.11768533
-0.10486859 -0.15935977 0.43584618
0.02042972 0.64766270 1.68062890
0.85400730 -0.13610904 0.13218774
-0.17288424 -0.07144593 0.35625345
-0.41175902 0.08727893 1.52120221
-0.00224216 0.22256494 -1.46111488
-0.03675648 -0.27271914 -0.21459560
0.19266365 0.11798486 0.15124176
0.18205127 -0.02209841 -1.51707101
-0.14387146 -0.12156526 -1.00381815
-1.20961630 0.00093525 -0.10610821
1.27850199 -0.03782402 -0.17472683
-1.81259179 0.06477348 0.42836934
0.21533552 -0.10456135 -0.58475018
-0.51354128 -0.13010339 -0.33393648
-0.90185750 -0.07906754 -0.08391871
-0.12085950 -0.13029635 0.60202628
-0.74966645 -0.15624842 -0.26628265
-0.17061703 -0.07038470 -1.22619557
0.05226683 0.08104175 -1.79974580
0.92998213 -0.08092470 -0.01590309
-0.59313405 -0.11847802 -0.31119227
-0.16544834 -0.08762979 -0.95775086
0.69458050 -0.21676305 -0.50462681
-1.42499924 -0.00883295 0.17801385
-0.02387692 0.29487377 1.33886242
-0.76027888 -0.04662746 -0.24937521
-0.13671052 0.19125846 -0.36860517
-0.46892110 -0.13471012 -0.37981325
0.04372869 0.41153747 1.34030938
-0.48025703 -0.11978045 -0.16302909
-0.68502754 -0.22472230 -0.46639815
-0.04720001 -0.03459207 1.27687645
-0.12378273 -0.26934251 -0.11623820
-0.00045735 0.58905345 1.26939952
0.06934308 -0.02788699 1.26964080
-0.52560079 -0.13372125 -0.25448841
-0.04582523 -0.18926735 -1.33617830
-0.70094609 -0.16707784 -0.74043852
0.19796982 -0.03444736 -0.64179164
1.29538524 -0.00191080 0.16595437
-0.08263086 -0.03410969 -1.87379134
-0.10949945 -0.07831986 0.87312400
0.14490800 0.17039549 -1.31037092
0.81155777 -0.27754295 -0.50477147
-0.18868221 -0.02161603 0.20068571
0.17240369 0.06693454 0.84852266
-1.27739084 -0.22303399 -0.26582438
0.08178851 -0.16150637 0.63217509
0.12440682 0.21581163 0.15027699
-0.69057494 -0.11565609 -0.08946609
-0.00151859 -0.23340514 -0.07306517
-0.13818903 0.14837484 0.86034095
-0.35616466 -0.07496731 -0.68785900
1.28404939 0.00802624 -0.04966971
-1.31453395 -0.14737262 0.00218620
0.19869339 -0.14956746 -0.76069850
-0.03615350 -0.27223679 -0.08102444
-1.36108363 -0.15762322 -0.29927745
0.69120389 -0.10000285 -0.37979877
-0.84831327 -0.04508384 -0.13239793
-0.11511918 0.21253145 -0.66470474
-0.01758186 0.22637576 1.42954993
-0.37794417 0.10947085 1.32824993
0.37669176 -0.15960096 -0.32274526
0.12850705 0.16605407 0.96357036
0.05057850 -0.28260797 -0.09284276
-0.11396147 0.06221204 1.20186627
-0.04423338 0.25278610 -0.40181944
-1.62084544 0.03561840 0.37024251
-0.79935163 -0.22858134 -0.70594829
-0.74773699 -0.05796340 -0.19129661
-1.07189655 -0.09252595 0.24168810
0.60123986 -0.06187068 -0.43709356
-0.00221804 0.15515228 -1.70061684
-0.16772757 0.14422636 -0.01566189
-0.07201849 -0.31106839 -0.08850132
0.23776622 -0.08820866 -0.79012370
-0.09816351 -0.16418359 -1.08196390
0.16613272 0.16875541 -0.99079394
-0.31137568 -0.09105471 -0.57430661
1.09037364 -0.05702276 -0.01373238
-1.35867178 0.00267182 0.24506475
-0.37502572 -0.20783900 -0.14091197
-0.41706523 -0.15335412 -0.30598256
-0.17944461 -0.00002951 0.66690648
-1.05115426 -0.09978578 0.11023942
0.22184765 -0.09305657 -0.72186679
0.10921185 -0.29490864 -0.00046690
-0.17831104 0.12114446 -0.59627908
0.09493339 0.10011267 1.36105180
-0.08345091 -0.27247798 -0.03712783
-1.31429279 -0.02352144 0.36879534
-0.69033372 -0.09271891 -0.43062964
-1.19273281 -0.14814441 -0.10779655
0.29396352 -0.09626441 -0.55117649
0.19628149 -0.04474618 0.24627069
-0.01369870 -0.19336759 -1.49560499
0.15696752 -0.19529711 0.23879378
-0.59023982 -0.12769149 0.02292855
-0.64113092 -0.07489496 -0.22142127
-1.26677835 -0.03362731 0.29089087
0.01910317 -0.11946689 0.96212333
0.01982675 0.25847816 -0.84680337
-0.43177783 0.08766243 1.43365002
-0.16868511 -0.16080689 0.04125903
0.02115329 -0.23581706 -1.67167389
-0.37432632 -0.10661147 -0.37564307
0.13550158 0.20399328 -0.62297887
1.12510502 -0.00668636 -0.10683177
0.42275915 -0.09317716 -0.42069259
0.15117894 0.18788178 -0.31169876
-0.86374950 -0.12426659 0.01882832
-0.10441034 -0.15873268 -1.21485960
-1.08492088 -0.06978171 0.15220651
0.01514765 0.93178475 1.81690145
-1.99662006 0.06499296 0.56030035
-0.46843874 -0.08497670 -0.39029539
-0.06977542 -0.18154927 0.39146724
-0.02872485 0.44192743 1.27132916
0.02416816 0.82879657 1.56775200
0.04249863 -0.23436990 -0.25434375
-1.61819243 0.01692616 0.22384001
1.01150441 -0.01959004 -0.15253732
-0.13564205 -0.11341304 -1.52165353
-0.19398838 0.04430125 0.21202166
0.11138255 0.21412328 -1.18422854
0.18783984 -0.13835210 -0.36711463
1.24015272 -0.00999066 0.15389483
-0.10966827 0.20736995 -1.11983073
0.72448814 -0.05957937 -0.23864225
0.09100199 -0.12701616 0.77978343
0.30529949 -0.10436839 -0.49567863
0.01010678 0.28182536 1.56871676
-0.15648089 0.16530637 -0.88105232
-0.45059064 -0.12634082 -0.54369962
1.26186001 -0.10528491 -0.30139995
-0.11000594 -0.17455475 -0.93290830
0.03265807 0.69180048 1.54990375
-0.79501021 -0.08150356 0.03450570
0.18542793 -0.05588916 -1.31326532
-0.01902900 -0.19602069 0.38953766
-0.00245923 0.25973234 0.09817991
0.11548280 -0.15241350 -1.50694096
-1.89266706 0.07490347 0.41703337
1.21362197 -0.11524606 -0.32262468
0.69771606 -0.23678181 -0.66446358
0.62439412 0.11656184 1.69148242
-1.77400136 0.03983923 0.28510228
0.04594765 0.37487656 1.30388975
0.00873200 0.26002178 -0.90372419
0.14997299 0.02298003 0.98503631
-1.23180568 -0.06083356 -0.21669394
0.24765500 0.07582723 1.31594920
-0.15192962 -0.07402667 0.68186015
-0.19210710 0.06628333 -0.44830889
-0.16000226 0.14724123 -1.15407968
-0.04481223 0.05640900 1.54339159
1.25751841 -0.07817514 0.30246797
0.65840191 -0.13808678 -0.08391871
0.20641147 0.05504145 0.20068571
-0.16114549 -0.18444353 0.18476719
0.03673418 -0.19529711 -1.08485806
-0.19685856 0.09494879 1.14518654
0.93022341 -0.07660740 -0.09525464
-0.88931566 -0.07306191 -0.24303189
-0.01504936 0.76222807 1.61454284
1.85253477 0.04022514 0.57525420
-0.59819907 -0.07991172 -0.24645682
-1.32804060 -0.20952731 -0.22800577
-0.14030910 -0.22882253 -0.30195469
0.92515832 -0.08147945 0.17487840
-0.04418514 0.25283432 -0.20827639
-0.01384341 -0.21410994 0.18862623
-1.38086128 -0.01758816 0.39050245
-0.71445268 -0.04694101 -0.42245331
0.11041778 -0.17455475 -0.96016270
1.48954344 -0.00051189 0.12109298
-0.30008796 -0.17937857 -0.03978089
-0.00236275 0.25891230 -0.44830889
0.15455560 -0.21628065 0.08660276
-0.79838693 -0.07499143 -0.40208235
0.16830343 0.10023326 1.19101274
-0.00769305 -0.20687424 0.25977734
-0.18670443 -0.01828761 -1.15022063
-0.19087704 -0.01141369 0.34853539
-0.14533791 0.02264237 0.92835665
-0.03612939 0.36305821 1.27084661
-1.63386989 0.04529013 0.31163323
-0.01140739 -0.21025090 -0.61854094
-0.48266894 -0.14679375 0.00532165
1.09109724 -0.08225126 0.26291284
0.20424080 -0.00914650 0.37241319
-0.28325289 -0.27271914 -0.31565428
0.33496588 -0.08697859 -0.76142198
0.09884066 0.23474504 -0.84390914
0.10294089 0.04015278 -1.79974580
0.07522814 0.24468209 -0.55076647
-0.03668413 -0.23412874 -0.18683457
0.17891578 -0.08852220 -0.14858180
